1310728
1310728
32780
262164
524308
16777237
2752806
2777622
524576
28699
30988
1572879
794644
147587
8779
17304067
524823
33556500
2067
16779267
161796
17463556
147468
16411
280963
567811
30998
158276
671747
1073163
1589251
2113555
2261022
2490644
917524
131419
147468
1736707
18515971
270375
794643
794675
807219
1853459
18632723
2377747
409605
991491
794884
1343763
803111
1441800
1441803
1064992
1589260
1310739
3408147
17301507
4386
12835
16781342
49
657466
532505
2105386
557081
559148
565294
524313
526635
549145
17448985
532769
6410
565282
590098
598298
848138
16838666
55581
317833
317857
854425
147473
155686
155985
16935249
172305
1597449
1599516
18382862
2129930
655649
1179673
2627610
17956878
1703962
1859850
1310745
1855497
21
149
2097573
2634165
269
4222061
4758653
2113801
1646854
1655067
1376553
1245461
1925893
1638661
2164998
131093
16937221
671752
16936965
671749
524293
532805
549125
3146006
2621717
3408389
19923461
671749
1179669
1574918
18876678
18354182
1060885
3842073
1572885
9
536587
557066
559133
1106187
688154
704522
17
524565
549397
2621989
549393
551442
17330706
2621985
655393
557081
1638442
131241
139453
2359721
533022
2622253
25353
1204745
1573670
1581581
1835529
2372121
930329
1479434
3552026
1602058
137500
137482
684554
135449
530971
553481
528649
17832225
291209
16393
813101
573449
598281
147481
155657
655657
672009
1574921
2230314
18483225
1607825
2105374
2105382
2629723
3956827
2629657
3809321
4075801
4595993
5136409
2228251
2230556
19398682
2490409
19792153
3014953
3551545
3023449
2097437
2361628
2359577
2490649
2507017
19284233
18890770
2637854
133394
934168
409879
17199390
1990934
190498
428049
442406
1573285
2132
131394
524373
549205
1073510
526930
17310273
135489
2757202
8388929
526661
1583185
147529
2361
542754
557089
131370
393393
131365
139557
655409
1179797
1183922
704561
8514
794946
81
89
16785493
8282
532561
2752659
655586
680337
2752929
802961
2228649
2385
1048914
1073730
811333
16449
33587841
16801857
131169
133236
667761
2888006
2885973
1204297
154
265
10817
538897
4353
530705
131329
393492
286995
705317
786726
133689
278837
16910849
657953
141841
272913
137730
835841
1081857
1180353
21102850
16908545
264465
131586
137218
264194
1054723
16783509
36997
37257
303493
2065
657425
2114
133204
264450
2563
10513
534818
10561
3345
16808193
2099473
5378
4097
4225
16781314
4193
16783465
12646
16928849
135509
16912465
2625826
16781329
12566
676162
544790
569606
544769
4214785
4222998
16797697
1183761
1339649
16781313
14343
17308097
30729
808961
268289
26641
26689
289113
34849
1067017
559252
561561
16910362
280577
657410
657425
1206546
1189922
3287330
1591617
2099481
1198305
2116097
2115841
1062914
2373633
21235714
4097
534612
528386
1708050
33558546
33567042
675853
135187
12583
18354755
2380099
553475
1856003
2636052
1062936
1314947
14372
12313
548905
17314065
135445
143637
6420
6424
4361
790793
528641
663585
33026
1614337
274706
17575953
28737
815169
153602
1601537
167969
45700
1364611
38929
170545
16816417
1314833
1851425
12563
1057187
1319334
34873778
143427
10242
1075282
16803906
17049618
17312002
17314055
50341906
139658
926086
16916614
17330178
942101
927766
17702933
155781
155862
168070
540949
8201
548909
12562
1057186
1319333
34873777
4202513
10321
139345
10321
16918849
16916545
1319361
1189954
14594
536850
561666
17592833
11281
280578
8405009
543378
19415314
1089557
1626149
1220629
16818198
1067010
18366721
1067009
24601
16807938
34115841
18141185
680081
4595729
532481
823618
1343810
34111826
1188106
1065021
583713
548882
536721
17344705
17524929
1073927
17326347
532741
1090070
1114886
1073433
1211074
17867138
1646865
18948609
1352213
665617
17338369
1318913
25698577
9724161
26503425
16785409
33579019
20996225
16936977
16810001
17318337
37756930
21110945
32790
688130
688538
1224722
17334402
32785
1867809
8421393
33061
592213
33622353
16844865
25249809
1015953
78146
2031619
198674
729106
17508370
67602
76114
196626
204839
327714
73753
860957
8462617
1114401
1116170
1378322
67601
76054
69912
600326
616966
16844801
614657
614689
1151249
868625
461059
459026
198952
721190
746006
2818598
204969
491937
729381
213126
901394
2312194
2310161
9130258
704773
166144
188417
557057
2130201
2298114
1638662
131332
139524
131335
786707
17694980
1310996
131077
131102
131205
952790
16943318
131466
442887
262293
17465509
182742
1180057
2359721
2228629
21102726
655625
663577
278537
1327113
2506761
131089
131090
139282
1179729
1716305
4338018
131337
393489
17842442
1589510
1589770
1184405
132097
135169
135179
671762
266630
282625
1331201
18108417
692481
16912385
151554
676102
1204233
1458193
270418
807010
17039362
655378
1048593
2361602
2359569
286806
811074
4472833
403474
417793
655361
1179702
17563665
1706017
1573505
657685
2230550
1179942
655925
658214
17568017
925954
1442049
1442309
262145
270365
802846
794645
925974
786713
393495
262273
266394
409745
17694850
262401
270593
262425
263169
296993
819221
821378
975362
426257
434689
524289
526594
1059075
1057026
1581331
2099202
530467
17307667
1056785
1179665
1204497
3277089
1048593
1585185
1048593
2900233
532801
1069393
1055250
1310977
1319190
1843458
1065238
1090054
1196057
1732625
1576977
2158849
1712150
1703953
18483225
1180945
790658
1073537
1610129
1859593
919554
17694722
17729601
2514946
1093649
964870
17739777
18268549
18094081
17703189
1050785
1051029
1313173
1059077
788482
970913
971157
544769
545029
1999109
17973509
1048710
1048726
1585302
1049606
1057026
1609745
1056793
1065006
1589274
1605905
3678497
1835025
1048837
2621721
17981457
1703942
1728774
3801366
1729025
1597701
1728805
2375950
1050907
1057069
1065225
4737546
1573129
1597961
1720585
2773513
1585233
2883649
2883648
1581057
1179650
1181698
2671109
1966113
19267857
1976578
2105749
1720449
1982865
2384515
4866706
19022209
35275153
1772233
18547140
2244614
2244874
1753282
2117650
2117894
2142466
1612051
2945025
18395137
18661377
2633729
26348034
19403525
2101525
2107543
2105441
3153953
2228322
2515217
2752529
2646530
2097417
2113801
4718850
4195346
4203538
4325386
4325394
20971522
4194321
4476961
5244961
22024225
8520714
25299978
8388609
8388625
8409345
8651009
8390673
2071
16777221
17563909
149655
1031
534089
25625
141658
525344
181263
132407
1205327
9360
263455
1082375
4326416
4588560
4850712
16909328
24583
655640
11
91
16779275
561419
692291
2131
67
212
16777347
2307
524547
1043
132115
16909331
10264
16803847
2059
2067
1052723
3075
4099
4108
790532
143636
528403
1053191
45059
544771
6147
16783363
1968156
36869
8195
10244
16389
8203
8284
532747
4227148
8211
8259
270723
925971
25091
9219
140307
17731
1745923
18523143
147475
1646611
663571
823555
34111763
131075
270599
262410
1589254
1179689
262165
131091
16910355
139588
131155
680211
16910355
139267
806947
155651
1261587
525320
262228
264211
270355
262432
393491
1179923
4472835
786451
262163
266262
798755
262275
1312931
262407
17043720
270595
524547
263171
787475
791574
524291
917516
811267
524291
524423
524419
524435
692355
548867
1075460
1179667
17956883
1050643
1053003
4196355
16777219
17326099
33685509
18
151
24599
27
1043
132131
4115
8211
131099
139603
786451
17565715
524307
532819
2623795
18350387
18350099
1310759
25622
20518
26
8546
167962
528682
34
66
163890
131106
524322
526386
4147
524594
147522
155851
82
131219
8530
147810
25234
1179818
1050978
2227
2097315
2245011
3293587
171
8602
354
8530
2338
2370
2099506
4114
4214802
16781330
26706
297362
2115626
4212754
526354
28691
1314858
8342
144535
8218
532643
557614
10823
16917063
532802
2132038
2656306
16722
1638563
1900578
2228283
17039378
655506
786466
262442
524586
262514
786450
4997138
524306
17432595
1179682
4726834
2228339
4325411
4327722
4718998
16801818
262403
2322
16960197
132374
16779546
266
322
540994
1298
9986
659732
2322
1061443
4354
397835
29186
4215042
8450
16916739
8458
139546
16970
8530
24898
1468679
17715862
182984
16957891
37447
821826
16812354
17361366
958980
131462
131338
655746
17432971
690583
1311123
1835526
786710
311682
524546
524562
1179922
17959186
33816851
3079
150546
11287
9480
1592327
793991
133155
2075
6163
10375
10251
11267
535571
133139
788483
1058820
33556499
2199
3091
526355
2090
34850
268690
10266
526354
526378
534866
10506
11522
526594
919826
34081026
67242251
18436
19462
19487
26634
26650
34826
16812042
38914
563202
542722
1198098
1329170
1050642
1747218
1312786
1189914
1583106
1181698
1705986
1312898
147467
315403
802819
540675
281044
16795914
16793610
17973331
16450
18578
1327170
18690
149778
2261266
18442
550938
542722
20484
151565
151572
286868
24586
24667
24594
155954
557074
1335298
16801794
32770
16809988
33794
295959
296322
76130
560146
169987
431138
298162
345218
824323
967698
36866
40962
819202
557058
557186
559186
33587218
278554
289066
147474
147482
167962
155970
155650
1212610
4489218
299010
540674
17317890
551176
1335555
17326083
540802
671890
1067026
1076262
1085442
1065154
3295259
1073174
17981451
2648354
18374658
2703378
1474898
1475170
1589250
2703634
4210690
4474898
4212738
4343826
4221250
8536082
8413506
16793602
17858566
16933178
131075
131095
657447
656407
131139
131339
139523
665875
1086019
4596100
132115
139399
139275
16916491
393347
655363
2244620
2228243
19136531
33696258
131223
131099
655515
132115
918580
1852755
917523
655507
655523
1181859
1189332
131114
33685554
19530002
4325394
21233698
131348
17039636
132358
133387
131354
299354
131418
133402
131378
393543
139890
16910642
131419
655810
664018
143895
668163
135426
139586
140546
394498
919826
918144
680192
1181970
147467
933904
155675
166154
1327254
148498
156690
279570
279651
942726
33710098
163974
163850
164866
167938
673938
802962
835866
5007763
17582226
4341762
4349954
4603922
4734994
1442066
1187974
2236450
1712130
1441922
2555922
1705987
1703954
1966466
1050646
1049606
1573910
1051670
1048586
1048721
1315216
1835408
17825810
1048666
1572954
1048642
1067075
1179730
1048642
17825922
1050706
1050890
1181978
1059402
1050628
1050706
1051650
17828866
1052674
34754586
1576978
1585426
1052851
1315202
17829890
1052674
1085442
1216530
1056770
1056902
1058842
5269571
1057794
1188882
17842178
34627591
1187866
1470506
2228243
19136540
2883608
1312835
18090051
1181955
1187842
5521410
1966082
17956866
1310722
1310850
1312914
18088066
1843474
1855763
1837074
18087938
1572866
1704086
1706002
2228242
19007538
2114566
2121730
17825794
68157442
16777218
16777234
17334275
18530318
17301522
7
655384
90
8455
532759
2071
153
3097
1835017
0
524317
131101
53
655686
85
18965
1045
17307910
1054985
1576986
1585482
1601802
1724426
2363401
141342
2085
133399
133399
4101
16945606
1331205
4214789
6149
149781
6165
20501
135190
1071222
36869
45382
1347589
8197
16651
10246
16916486
10265
139289
8469
532774
10269
16785421
8213
16661
16924693
18696
40965
16793605
24597
32773
16834565
540709
663573
819233
2367494
2629638
16809989
32773
17336840
34840
17334538
32789
16945414
559366
825862
1346054
34114070
2132246
164121
1491465
33849621
1345557
565510
581893
3178774
2654485
19956229
1736725
131077
655366
2236423
17580192
155655
393242
655370
131085
278552
131346
139598
141582
131093
262181
262229
1181749
17961013
657445
655381
787494
147525
1835290
139350
141318
688390
2238726
2384149
149509
163845
827429
688149
262486
393493
802821
17039365
655365
679941
696325
786781
2228245
262178
262165
262277
393621
397477
286981
263173
1572901
786437
786453
788501
1312774
18614278
524293
542790
1591382
18089990
1179659
1491094
528394
524425
4866193
17301641
674138
34226533
17449045
655381
823574
657566
540829
809605
1050645
4721670
5394741
1312774
1310741
1597701
2900229
19007494
2097173
2236437
2228486
19398917
262181
131101
44
10836
657463
657471
682279
17434918
16910372
790821
4116
135189
20500
1185813
1071388
1575184
536612
17436724
417812
1745172
713108
1450020
1581076
532500
17448997
663588
663917
1192244
1192244
665621
34220325
663588
1450260
18489364
135449
133157
264231
162085
1487140
16936996
663829
17443093
17965333
1180233
17432884
2228524
1081620
8581
131461
143750
526485
3205
12517
21013
135319
45270
61829
357125
8345
159897
8405
10472
18581
532613
278661
541065
32901
34965
43398
688277
786586
1573534
34341290
149642
131285
133352
672133
397702
922250
657816
17432965
143813
655493
786581
786605
4354182
262293
266373
786581
18088325
524421
1179797
9584791
2228437
3420805
32917
524437
1176
1590424
583064
1188
131236
1181892
262324
180
6553
790932
17699220
1114276
393748
17039508
524436
786580
2367636
4194452
392
1416
9624
436
16779700
533173
2444
35348
264972
4484
4740
16781700
4500
16789908
33599909
8580
8581
270752
33156
164228
264596
19007877
987269
559257
16792
147844
17556
149653
954532
295060
49284
16859268
1099144
149637
147596
147604
17105237
1458308
917888
926100
926337
18228097
1184129
151700
450708
156040
158104
192969
16967876
18759957
17825928
1049736
1051800
1052804
1057924
1179912
18088209
1444356
1187972
131356
131397
1180005
139548
12565
133400
1704456
1313033
1706265
1731081
1323356
1978653
2505226
3813656
1442056
524564
34087444
34382740
17301764
2097672
2099716
2108165
2911237
2362132
36203525
35654420
2061
6405
538886
6149
137239
153605
1202181
38917
10245
805165
10309
34821
16910629
17434885
264325
296965
526341
526601
528650
1076010
526909
17303845
1054742
694277
1181717
1312789
2034056
4196357
16779269
10261
141349
272421
133141
141354
21104662
2099302
2099237
10392
16910420
16922709
134164
2230308
2456
3336
534804
2372
530957
530709
8395013
6406
10632
10564
10760
12809
35076
19461
19464
4476184
18500
26644
280596
17059860
804884
1460244
542724
542852
805012
551364
1067020
17844236
1591300
4220932
1050630
1050644
1087492
18094084
1968148
1575048
2230292
16521
18437
567813
409621
802821
804870
813333
540677
8404997
18456
149528
147463
4210712
24857
17416
165005
544009
16794632
32777
1613832
16396
18468
16412
16412
549480
147496
172312
9191700
16484
24900
16452
2646612
680100
2376100
18692
24836
24917
25120
33332
17428
18437
18444
692248
717064
315413
151557
544789
1069157
544792
569624
2642216
692248
20580
545125
20764
307716
1069084
1356036
43012
45076
45317
832005
33597716
16820228
165892
561157
1869828
1214468
2265124
1740820
542724
1079300
1865988
20485
20486
544775
1077256
578055
28950
1857816
1880326
20500
28957
16797724
544788
692260
694327
20744
24581
32781
565262
163869
569373
700453
32808
32796
581917
1998885
557076
17465365
1081381
1228821
155688
573956
705044
549124
1085716
1073436
1073444
17342732
49156
83993
4769941
1081364
1083675
1605913
1630729
3703321
1106180
2195732
1347844
1868036
18383108
1597460
577545
86277
381573
16838661
186392
2806038
19585302
184341
471301
1245205
577541
602373
1126678
579863
1249541
55316
847909
872725
577572
585784
1110052
1126932
3199524
1249556
55572
16840733
587801
63749
588037
591908
17500197
579620
17358884
8443924
8468756
25745684
63769
579865
579873
17357320
592148
17500437
16832516
610324
331796
462868
856340
881156
1511444
1126412
192684
457142
479652
2552244
708628
856084
446740
467220
1390852
18290692
1659144
1626132
1757204
151581
24580
26649
24624
549144
549168
2124075
2122024
1212457
1237273
688412
581656
606488
1632281
163864
172376
679960
696344
573720
551449
287000
1075232
1362184
3434776
172048
679976
1081626
1204232
36892
294956
294968
573964
576013
705052
51248
45068
3170592
1597456
1744912
24596
573752
16932945
680029
155700
163928
548916
573748
1073460
557357
24892
33104
557372
559677
1753701
33076
569668
160036
709157
811321
550965
551208
176164
17477924
704548
1253669
1335348
1360164
35157
559445
811116
835924
2254934
2279750
680101
704917
680020
692309
1212520
17989720
1736788
26889
155956
1483060
1729064
1630984
1204756
557080
581912
8446228
1753364
1122565
573460
1269780
1417236
1925140
295212
2146840
18926104
1614088
2146584
975112
942121
3957032
1867796
819220
1409080
1933348
18712612
3064085
3305749
5136677
2514980
418076
420143
942381
967197
426588
295236
831828
1073412
17858840
1605908
305172
829725
843781
2011396
2695432
17228041
450836
813079
17596425
1343493
18122757
1364245
19169560
2916628
2908436
2933252
2935301
950533
1474821
2514952
2539784
4612376
1337348
1861653
1861636
2394117
2410757
1339412
1470484
1867797
1921284
1073161
1876293
557317
688405
34792214
1085718
1112101
17641493
1110036
3485716
557084
1081364
1081388
1106196
1335316
1867797
9461780
1089812
1091861
17342808
1607941
1605908
18907652
2932996
2658564
1220612
1744900
1261849
3334441
1204233
1229065
1351689
1204497
1229329
18129169
17588229
1466373
2253078
2277894
2400518
2777364
698372
3189013
19963924
1753351
2129956
2138424
2662692
2679060
2681109
2252900
3047445
3064085
2514980
2539796
2777108
2779430
10510356
18898964
2646280
2671112
2130200
2138696
18915332
3434516
33796
164884
16942100
34068
34820
165908
65540
720933
745749
2818341
696605
49156
49172
180500
213012
16826372
17482180
149509
147468
149773
18120716
147476
148484
155669
286740
1097764
679956
17076229
721157
303124
329733
851989
876805
442372
442388
1763348
1490948
802840
827672
804901
598044
606272
1130540
426252
966679
294940
581892
1851485
1884164
1908996
807192
282888
882949
561156
802820
17582084
1855508
17055748
540676
1065045
1089540
1065096
1065156
1067020
1075464
1337364
1486868
1597444
1599511
1613865
1728532
2252825
2778138
1738796
2253124
2416661
2121748
2123796
18505732
18768156
18374660
1097732
1099796
1122308
1196117
2523221
1327380
1458196
1720324
3047444
18759700
2015620
18628621
1335556
2654229
2244628
2244709
2768916
2637844
4210692
4341773
4342049
21121037
21004294
16793604
50348036
131079
132105
263193
134169
133149
655397
929830
17432613
131141
135173
167941
139285
16917509
163845
393349
655381
786453
2228245
2236437
4327429
16932869
33685525
50462725
132117
135189
16912405
393253
655397
680213
2752805
20054549
802837
1835045
17435422
133422
655644
803100
2508828
131116
132132
163876
659493
1859861
149540
925736
917524
4325396
131334
135444
145925
422148
139604
142612
198932
655876
426244
811540
655880
657929
918296
922376
34210584
1770004
148485
17056792
166176
164868
164892
180228
671748
4882438
672924
9072933
680260
5013516
671880
1196168
4341764
4341772
4349956
1181961
17957160
1179676
1181716
18483220
1442068
1573140
1183750
1185814
1187976
1441821
1441924
1966084
1704072
9568260
16908292
17465348
17465608
17696773
1048582
1048598
1048842
1082376
2232346
1050660
1050716
1048596
1048644
1319444
1587477
1739012
1574916
4196629
4196637
2756613
2754580
1466406
4725013
1073476
1081348
1228815
1181719
1851397
1179654
1179660
1179668
5374004
18760196
2507012
1181700
18096152
1843220
18622484
3414280
18087940
1441812
1441820
3539220
1589252
18366468
1703940
1706245
1712389
3276820
1335684
1966093
18628620
1855492
18763781
1986580
1572868
1572884
18483220
17203243
16779288
16781581
17565960
16803864
16918812
16785672
16787721
17052168
11
155653
17
16777241
18769
524329
131225
16779529
17309961
16908553
262409
17039625
4105
4186
12297
12321
45081
167961
268313
8221
139293
35105
139353
1466457
10329
270721
9225
196633
67617
131097
2230577
139593
132105
140313
664601
141641
139273
262281
524298
786461
524313
524321
1704153
5908954
1581065
2107417
4196385
4202505
16777225
16909340
16912418
17304009
17305881
33554457
67110937
24605
33
8241
10545
19493
16779297
4719089
57
8265
133161
10585
8217
131097
524441
17303705
2095
262187
524331
1051179
524570
393498
524314
671770
1048666
1572890
53
532533
16777245
262205
262213
524588
1575244
2097468
657485
135222
16785456
532524
581932
2654524
2350
308
16779580
6429
528685
164268
287260
2359852
1052
9381
6429
682270
133165
10540
16436
331820
147484
671789
696605
2769197
1474588
1200156
16793628
393277
131132
16908316
524597
1048628
1572900
1575222
1597732
48
4136
32808
41016
16812072
131112
77
4169
1574969
524361
8284
8272
540753
139360
270424
272730
2367832
131144
8525
532793
16786000
533068
524860
8520
533064
17312328
557880
2630472
526409
526412
543049
151608
1179713
933944
524344
1581116
1310792
16777272
663689
131185
131192
17432753
16777528
17301784
16779289
526457
551273
526392
2328
657723
17436987
682539
16779553
526637
1059133
1329692
526808
1577464
530968
534841
17910060
1657128
1460760
2230568
2238781
2361656
19007784
526361
1050672
1050728
1337624
9439272
2099240
20633
1069225
17977513
16797849
12321
20833
12329
159785
1208361
536640
659752
20504
33577514
16928801
675869
676129
16961753
285080
28696
28956
948267
1470505
1495321
3567913
33708329
544808
8216
10521
12568
33571112
561449
586265
708889
548904
1081388
270376
17049640
17572120
532504
534553
1319192
18227480
16785432
696353
688153
1224745
1867817
41008
573489
49236
573504
557340
559160
182312
16828440
1656873
704536
311336
835864
860696
17760536
573464
688189
688445
713261
688168
688192
696680
713000
2261288
557208
2154777
18382872
133401
16908306
657708
131376
418328
2777625
4850217
2228520
17596505
263452
270388
802869
794668
393518
975388
3047980
917705
2490424
786737
270680
794985
819801
401768
395563
393512
1720600
263192
836632
804905
829721
426265
819357
950329
17729593
975145
297263
557352
819496
313624
835608
1102104
1179688
1344025
794920
794928
17572120
2883880
17711128
17842216
2515228
4587820
524445
526512
524469
1061037
526617
532761
1048620
3146044
1196076
1081640
655400
1187960
1327417
1217065
667960
799032
1318968
1310760
1073193
1720344
1179677
1192232
1194281
3407914
2148392
2684984
2629913
2621737
2646553
2097452
2099480
2362008
3424536
2359592
2113824
4212776
2637864
2662680
3293208
3686424
4194328
4374560
26345768
786731
287065
549449
811597
26954
135498
2313
526621
526881
18761
1067353
659753
17441310
28945
262554
16908553
284
17338764
1048861
1073677
1196301
1491597
549388
17457677
1577228
524825
2344
280
131489
264488
524568
17432857
1057561
131416
139644
663912
1188473
1575500
18352716
8820
533088
1311064
328
786776
789098
811608
2884200
524872
526921
9088
16786024
17441353
17310280
655704
1304
559658
526617
10521
1583401
10860
535128
1575192
4360
4376
299544
301593
275336
39192
8472
139544
16785864
16785736
16968
147736
1466633
278828
16672
8405536
33032
582216
55561
16832781
579849
580109
196888
131352
680476
2753068
17434908
803100
17580316
655624
17432840
17566475
264475
2892131
2892139
4219235
393577
395644
930169
459034
877065
885577
1413657
2574602
2572569
397577
934170
17301770
1327646
1179929
2507017
6570249
270611
264778
2361914
262412
393493
401692
404014
410204
393693
297500
17214221
305948
268813
543004
1722652
278796
942368
1343772
409876
1859852
1458525
1720604
2507036
19284252
918052
917804
17211681
917804
942620
930589
955405
1573132
1835276
1860108
270865
1321521
524585
398619
803229
805225
2507049
3555625
393565
1444221
1573464
2097480
2105992
262536
1073560
434568
436635
1483144
1485211
4850201
1602312
795196
1327677
1450601
1475417
1712704
812064
3941404
263432
265752
805149
280928
17060105
268553
801049
17043721
791048
793097
287302
17056026
540960
950554
17728009
819597
297240
567595
17473817
1114649
565544
688424
951072
297245
833837
17074441
559401
1739049
575771
575753
573720
573728
1123080
2539800
1868056
18156073
524641
1999144
1212716
1999112
1860398
18088489
1048860
1061417
819736
1057048
1729049
2753068
1057312
662281
1081889
1065501
2115864
2140680
2640152
557341
1573153
794909
1319177
1573145
789000
1340169
1319436
1344268
3416860
2106312
2108379
2106336
1458440
1442061
1466893
2490825
1442072
2490906
2515722
1442316
2752776
1966346
1974559
1843736
1573144
524684
655768
1065224
17826056
2097432
2228504
2228584
2761064
2490664
19268152
2515480
19792408
2752792
2097696
2105896
2105880
19407624
2362138
2384648
4457240
2244892
3148120
83886344
16392
18716
17420
16925717
688140
1212445
680220
1601564
18509853
16480
16456
147569
16544
20553
545101
672096
18778424
1464336
18456
1069112
20488
151561
69640
59784
28937
20504
807196
1331501
18108956
23068
561417
553241
160040
168552
53768
45320
24584
548889
573705
696329
24600
16802840
172040
1597448
34848
36872
36896
17076241
163848
983064
21135369
49176
684041
17600776
278617
278552
672024
540680
540696
549192
1067034
1589258
2639914
2115610
1065160
2113560
4341849
4218888
5816337
5005325
4223017
4350049
4874417
4223368
5447688
4874696
5398793
5140505
4747544
8962056
8544273
21118984
33570840
33579032
131083
655401
929834
17432617
131145
155721
16935017
139529
139610
135178
659726
1446154
34214170
163865
17072153
917773
1704137
1978570
18481353
4325385
4326416
4456473
4333897
4327433
131105
1181761
135193
17039385
131184
393304
139420
655384
663896
17432600
133404
655656
135432
140552
164104
205384
2228504
2236952
2359576
67242264
155672
165896
196616
180232
1720520
4349960
4603928
21381128
1179720
1966472
2113624
1183752
1318936
1971468
1188872
1319953
1197080
16908296
16918557
17039384
33687560
1050633
1048586
2375946
1573020
17825932
1060172
1572876
1048600
1050648
1572888
1048648
1049624
1052680
17827848
1052682
2125874
2125872
17833992
1085448
1096008
17862664
1056796
1056792
1056840
1081432
1064968
1081368
1607965
18385420
1181723
1728777
1188168
1311752
18088968
1835016
1843466
1966104
1847305
1875977
18612232
1572996
2623784
18350088
18481224
4325417
4198424
4329512
4206936
4204832
16777240
16778264
16789773
17051917
17056009
17314073
16805897
34349065
149
131169
663665
2145
131089
131238
1314841
133137
16910353
267282
139281
925729
409937
188577
1214545
270673
655505
663713
4989106
17434769
1770658
4998289
17432721
262177
264225
17041681
786449
917521
925729
5111834
17039377
17064337
524305
2359329
2539561
20
16801810
663852
17965612
16532
526636
297252
37209
821588
16812116
45336
47385
307480
831764
33599780
16822292
17846308
17825813
1311001
33558565
16777248
104
16777304
2346
524572
588
524568
549400
672024
674329
1572909
1597725
1599774
2384413
1720349
131376
101
524388
2621812
536945
16777561
16786024
533092
1583200
671824
3408224
666195
144
567441
16464
680296
282960
803152
807248
144
524752
532976
1057392
524880
1049440
17301968
655776
1575462
524836
673828
296993
788757
18090517
526377
4212754
133160
16912424
788520
526372
551204
673828
1198133
657704
659753
666153
17959464
17434948
2246712
673852
1210485
682020
682280
944424
1232949
985144
1984809
10357
534625
538672
540721
17446961
567457
2623537
2648353
2770977
2107440
2631856
2096
526868
4706
539169
563985
526624
299296
563733
6160
51232
1140788
1665056
264224
4589760
1575213
1050664
3410208
528686
6417
536610
569638
549923
151635
136211
790548
799060
1327140
17305619
1054763
4138
270754
67115058
10274
16797722
544786
135207
282922
17060138
153874
16928786
12328
137257
135280
143492
16920692
667760
667985
659809
684625
20788
545056
135440
17436945
553488
528656
569616
571665
2642208
17338513
315424
561553
33853857
561557
168224
170517
434964
16832528
16832544
16832560
16963616
17369120
4378656
692256
17338384
1579041
10275
532501
14369
581669
270373
540821
141608
2107429
288804
1468452
585749
155684
1736740
1204325
1740917
155801
1191974
16836914
16836913
8216
147561
2252841
3301417
12588
16728
534568
417832
4218904
1189931
1196077
1187880
21241881
16789536
663924
33694064
16916576
10338
155716
8353
8361
544945
147576
16736
147824
156336
272832
285121
4495809
2236513
680016
1058928
16549
12625
537173
16802320
16804387
17338912
141409
678001
543200
796944
2115872
17314064
34850
17461520
1486864
1073360
1253664
18030864
139361
139668
157712
294952
276530
410016
278864
2369569
1318944
1450016
534801
542817
663584
1089840
1196321
1327409
1204833
1732913
665745
667793
688288
2109841
2630033
2630293
532772
663840
17965344
1059104
17834256
1728609
671781
1196049
1187873
663600
1237024
2015296
2498576
17440784
4735264
1716273
2156576
2156592
2107683
3432720
2797856
2799905
3066401
3586593
2367841
2392592
18898960
18882576
50343968
24592
170161
33044
37420
168273
1100128
311592
590225
577824
34132512
49300
62933
1116195
1116177
18417937
17895441
1638433
1663249
1785873
2304338
2433561
1773858
2300690
9527568
1147152
1683744
1640739
18415888
3221813
3746081
3229973
131089
655662
393249
524321
1572897
655396
680228
147496
434448
672020
262160
270361
794641
786709
1613856
409616
1704232
1736720
1761552
788518
935958
294949
294965
4456612
933908
283904
934180
297253
17076517
974865
319841
17301521
18088209
532532
1059105
1051027
1587619
794902
1310753
790576
792867
1315105
1339921
925793
18743313
524304
524308
1179701
1441845
524436
665633
655520
657585
524692
526741
786836
532884
802960
2687280
17844304
1352096
1872548
1229201
1228816
1237009
1843603
3670054
2097193
3672098
3696914
2900021
2109798
2894177
2801698
4456737
2097184
2105376
2629664
3680320
3680289
20982049
20459553
2228256
2367616
3025249
2379824
19005472
35799082
35782697
19030064
19538400
23331008
2621716
2646548
2105660
2629928
19409192
2099472
2105636
4735269
2114592
3713296
20621585
4212768
4194336
9044024
8912917
25692181
9044146
8914961
9464082
8914985
8392721
8950290
8401185
8427553
9338930
11010086
8388668
25176444
8390692
8400968
25178168
8925236
8945700
8970532
8972581
9076772
8912932
11010356
8397029
8651044
8915239
8913188
8913196
9449780
8921684
8395029
8943894
9439276
9726228
11798820
28578084
9855252
9701415
9699364
8521783
9961524
9986340
10117428
12058932
10108964
25335841
25205056
8949792
8782132
9044000
8390817
10223761
12321185
8913554
8938386
9061010
9046434
9054930
9060496
8390944
9175312
9183540
9707808
9710113
10496801
8913168
9715736
9068593
8798500
42090788
8929556
8429593
8691745
8716561
10789153
8945700
25731113
9478181
9494821
8954168
8945976
8970792
8423456
8429608
10133816
8691760
10789168
8560964
8560972
9089328
9076768
9339184
9101841
8552736
25329936
8431889
8980754
25880594
8425767
8439848
8964368
9120017
26019857
8570912
8701984
8726800
10799392
8978464
9093136
9224224
8699936
9249296
9879584
9494552
9101600
11174192
25856032
30048289
9257249
9758992
9478240
10125409
10289696
9445393
8921128
9208096
11280688
9445408
9191712
9580849
9054241
9445652
9470484
10232528
10363616
8931344
9584656
10133793
9043985
9568277
9593109
9715733
11536666
9568553
10379297
26108186
9619490
10750258
11149415
11673683
11796513
9048112
25827376
9314592
9834784
26349856
9568549
11812896
10100771
9437224
9963536
16777248
16781347
21119010
21119010
17310185
17303649
17041569
17303600
16779560
16965696
17564128
17186864
21233825
22028592
2099
131367
655672
2377763
62
53
524341
2342
2357
1051190
17304101
8549
268853
524325
549157
2376229
671781
17448997
1574950
18352165
41
57
97
664097
10849
1182001
532769
1188298
131361
1335657
16910625
663857
21102882
16908577
16918826
524705
1575361
18354625
1073
26661
4129
1331494
16781350
6451
297145
1329201
17041729
17565985
657457
4145
4153
8738
137762
33692466
16783649
12593
1331233
8225
532774
1059141
16785445
34349362
1319206
17571874
131105
21102627
131125
131121
4329537
655597
135201
266289
143530
1462449
143713
145450
17043498
147553
270838
918009
786609
794934
803430
819750
528677
528645
1048837
287137
289204
794673
803185
2114089
524321
526370
792866
17828130
524337
524345
1574993
655537
4860338
665786
544929
1573233
1056817
2900001
1572917
1574945
18352161
1056802
2244641
2246708
2769201
3035681
3293217
3295284
3817777
4202529
8388641
33554481
131121
1181777
657473
264515
786481
524337
655553
795100
1704001
18087955
527428
1056828
133193
399689
919881
655449
680265
64
2130
14706
72
1103
131160
2112
133200
10624
8560
532784
17304116
4144
4214832
4510128
16803888
526384
6209
21056
17322800
279088
799280
8240
8248
139336
667712
1216833
139312
1474868
17449268
786496
17039408
17580083
657728
34212416
34343488
2760768
2375728
3424304
917568
2885937
2883904
20185648
827440
524468
532980
524352
524600
786864
1179712
1835056
1048632
1050681
1317177
2228288
2490816
4194352
8501
8517
278821
131378
657779
131378
3380
549412
2376484
2368
10864
17304120
524664
304
2360
4345144
8504
271032
131396
16908592
532832
1057248
524736
1049296
17301824
524768
655856
533280
536944
3801713
1180016
1180169
538929
2352
4641
4384
528688
12896
6432
657712
526752
17303968
8480
10529
10545
797217
16789793
16693
18982
148021
8488
17000
8496
16787760
16916784
532800
139632
150129
836208
696944
16786980
271008
271032
533040
131360
131376
266545
270651
263734
394569
168249
143665
166213
4505920
328016
393800
4358456
4474160
917792
1073442
926121
1573169
264485
262560
405937
17170864
271072
422384
549408
1704240
786720
1575232
1057072
1057376
2097456
8388896
8388920
8519984
10092848
67109152
16779301
2353
2145
53361
665698
297441
788642
4385
133409
3105
3121
17332260
6193
12340
11297
20529
34849
133169
264353
265384
791137
265249
526369
1058865
1181745
17958961
1583137
2361633
2246689
2255201
3295265
3303777
4196385
4722737
8390689
8398897
2097
3124
2112
2132
526400
534912
264368
8390704
25695026
8393026
25170226
8919616
3364
134452
133424
526816
17304032
17045792
10660
10592
534816
35104
600353
657696
526624
542753
19492
18528
34856
559225
561640
165920
51232
16861216
151585
149800
936224
1206328
1198112
1460640
1591328
4212768
4868261
4343856
4343882
4917296
1050656
3147829
17836084
1583152
1050720
1050920
18352680
1051696
1992772
18090016
1312928
1574960
2361632
2230320
9439264
16779296
16910384
16781393
19023920
17598497
20975808
1851440
16793696
18738
18720
803104
18472
149560
18801
19488
169008
4231200
4362288
4239712
16797728
24616
26680
548896
32808
1867880
297376
231488
557088
561187
692275
688506
561568
575656
854064
569377
1105968
1114273
1253664
1376304
4882481
4899872
147488
147569
16924705
278579
147754
155970
156274
147508
1198164
442420
149814
147496
147504
282673
163914
172410
933941
1867828
803041
287136
827472
163952
172464
1351800
147657
156016
287104
4369560
157753
149632
159793
954416
159809
418100
1474624
409680
4620473
557248
934384
933936
938033
1065024
17842224
1458241
675904
2261360
2375744
4481073
4489272
672080
147568
17055856
671856
1722512
2244976
148512
305184
151584
153633
17455393
33708337
675873
700705
2773297
282672
17061936
153915
1202209
1726513
1751329
680245
410673
671776
671792
671904
700900
1327712
5390880
1196464
17449280
2244920
1204704
1327152
3572000
2252849
19032113
1728560
17448992
1200160
4472873
4735017
543008
933936
1067040
1073192
1622313
1597472
1605921
1196064
1728576
2252992
1720480
4212768
16924720
680229
682278
1982757
1835061
133489
667761
17576050
270454
794722
133409
135217
4478001
139301
401845
140321
16919585
663845
796722
18096433
1179689
2762809
1704161
16908321
132145
134212
131136
131410
151624
139465
141397
16910400
21102657
4327648
33685584
33816656
33694080
655856
786944
139412
151701
663876
33694024
50470960
18030660
1777728
18556992
409652
393392
405681
5243073
655408
1706064
680484
16908553
131448
139576
16918840
434872
655840
664048
664072
672560
1706496
131688
135456
139632
394528
1311024
19548704
3574048
84017440
147488
148516
147552
159841
149796
151584
679968
680049
682017
811312
933920
1458482
942432
17711136
671904
4349984
33710128
1181793
1704224
1966400
2754880
1729056
2230576
2621489
2646305
16908320
1050688
1048696
1050672
3670640
1055040
1591632
1052704
5273634
1587440
1581360
17829920
1054770
1052720
1605924
1056808
1595450
1189937
1188161
2367584
2238757
1057824
17835040
1067056
17842208
1179680
2507040
1181728
1187893
1450400
1721056
2892080
1442096
5521440
1835184
1986752
2490544
3801392
17956896
1310768
1335584
1572896
18350112
1575216
18876960
2752560
3539492
68157472
84934688
2133
2131
524441
129
17301841
16779585
8513
2114
25167938
2129
536642
16912465
28737
53313
4476993
35662162
528707
6227
137299
4177
8321
925841
18497
149585
32833
32849
131218
131220
139353
141386
133445
667729
549185
262209
1589329
262337
289105
294977
917829
1704513
524369
21495890
655569
664081
1048721
1581121
34603089
16777281
33554513
34603105
131153
8536147
4176
139368
8288
141409
403825
34245218
33696113
16920673
663665
688481
2761073
811105
139620
17719648
1466464
532832
532836
794980
10577
1319248
24940
139360
534640
17836624
534624
546913
1065312
180757
16957713
821648
16812176
676196
17453152
854612
135248
143377
668001
1187928
2361701
1966176
524368
1720624
17565889
1065168
803008
17582272
532801
131412
393940
24900
16777552
524640
524664
533125
2512
2376
4416
9796
8512
139664
17072448
131473
262488
133464
133440
786752
2097488
2105680
4422
133461
2121
674122
153665
1480769
1202241
2529345
10325
10313
133201
141697
526401
1853649
33556561
6225
10321
2144
2392
133464
141648
301392
534848
797008
1182032
542785
20547
18514
38976
16816192
16927072
1476928
16926784
542784
17451073
17320000
2115664
4212800
1050704
1054784
2123840
141401
4202561
16448
18497
183409
540737
18516
16456
540768
671993
692440
18640
18504
26712
281064
18528
149616
24704
319697
32840
16810074
688369
1233120
77192
565336
294984
4231496
16810056
294992
147600
1474704
151873
278720
313424
573760
541060
1724496
2252880
2777184
2789472
2400336
4218944
131139
131157
1181813
1458501
131161
1181770
17961034
1704026
1728842
656001
655457
139585
135233
270402
665927
139345
209105
139337
141781
1843490
1319001
794874
418137
815321
835674
426057
933970
663889
16924737
663617
1321026
1189969
163921
2269537
164033
164293
426437
198737
426049
655425
868561
665674
655441
1706097
17432929
2228569
3555649
2228305
19136602
3277138
19530049
16908353
33685585
393313
655441
17434705
131176
16908392
132128
139360
17047664
417972
1466608
655456
663968
1589649
139369
16908368
17981656
131400
131440
2236773
2228576
3555664
135488
135488
135509
135504
139584
139592
270680
164160
164176
17172800
655680
155713
278612
17055828
168000
2261072
180304
671808
2048096
1204296
1212808
5547080
1228864
2244688
2246736
4341824
4343872
5431360
4866240
1179800
1462368
1179776
1185874
17993792
1712192
1712226
1179721
1188170
1315153
1572944
1835088
1057117
1048920
1602128
1575232
18352448
1311056
1704257
1050720
1052736
1055058
1083456
1052736
1056832
1188208
5431384
1181840
2228288
1310912
1835072
1851456
1572928
2228304
3278913
17825856
16781376
18104641
17576261
17838405
33597589
33597588
33849408
129
524675
526742
1048964
1073796
1575300
1573267
1157
132245
3221
16786605
4457606
193
131338
2321
2433
131457
1704325
147849
917929
164517
172673
16908673
2193
2209
20973730
4225
140418
20609
4214937
4223009
1585558
1610374
18561
526465
657553
534977
2099345
4225
1315027
530577
139409
25733
168081
930241
8329
8396
42123
1056973
1058985
1065161
41358
74150
663982
16787849
541081
4351369
140877
10393
141468
1597577
42405
271642
290969
17070233
802962
4866761
16785545
16797834
8385
139458
139473
20674
18882
2253009
140433
9617
16786561
33718539
559249
73873
82385
16845185
598417
16842881
1188050
655490
270803
278659
1327235
131209
132240
135308
278676
149923
278685
139417
131386
16910473
663705
426505
704649
4456602
4358289
4482505
16908425
131217
270764
166289
135297
1185953
661649
160134
1212801
33714577
16937089
663697
163969
204929
4472961
4481473
17039489
393473
3014801
262401
526481
786577
794769
17563777
524417
524549
525580
17432853
1048853
524433
1575089
655513
18350401
1050753
1050834
1057029
1581185
1589697
2097297
2105489
2491542
2113669
4195457
4326545
16777345
17564806
21102993
33685642
33554577
33556625
144
153
302
655537
131306
1712425
8665
39066
10402
526937
10665
26841
12442
921770
1446313
24729
319785
2162858
917673
168089
786601
295449
811177
942297
20971674
16777369
2193
526609
17303825
32913
131217
139729
17170578
393377
655505
655654
1179812
787620
796132
812195
663713
1181889
655633
17435025
665754
1181857
803305
1581521
4993490
17432721
524433
655521
524561
532769
532945
1459361
2097313
18874513
23593569
4325410
1172
3236
655525
524696
671892
232
16808
4341992
291224
811416
168
17301680
16806112
131520
524880
533088
1335696
131472
655776
170384
706980
1055120
4240
20624
6288
530592
34960
166048
1085616
43472
561312
4240
430640
14752
23700
56081
282977
299544
37008
8336
8356
680260
20757
42172
1344145
131216
133273
131218
2376098
3703186
131224
405657
131232
1720483
786641
16908450
17564073
17433000
139680
147648
17170592
655780
657829
671904
819408
4850208
655841
659876
659937
147600
147860
156048
156064
270800
393360
395456
1311137
1335953
9076904
2007296
4194448
8413393
16777360
33554585
384
1835393
663971
1065544
1081736
8608
408
271809
20971930
1073570
1327512
8904
262677
17039893
672
576
4342338
132037
10825
527360
16779840
558044
149377
394064
1344392
951384
525012
20972097
1925
1424
132496
1460865
4480
21892
266904
526720
4480
268720
8584
139672
8712
815496
147869
795464
1057032
1323528
8656
532864
674201
33152
66192
82304
1970561
16843136
131472
262528
303621
524672
938433
942721
934532
17711488
942980
524672
524804
526228
655888
1196560
2097552
147593
156105
409745
16924801
8405121
18580
16793732
17203476
43460
27011
41092
16794772
16520
16528
16576
279168
278873
803200
18568
22665
149656
27080
1099912
18576
16796041
551312
4231296
16797824
1869957
170177
936080
16795776
20689
20624
1093786
49620
30873
546976
16799888
594193
284052
807081
4346009
4363408
16797840
21148
16800128
610577
17347040
1372384
33599968
9738385
811152
17590416
17588368
16801936
16822422
16846992
25728
172160
174227
17080449
1220736
1222803
32904
4236680
32928
33920
43457
65664
16941185
557184
2261008
49280
49296
1099952
575648
213136
147608
33726848
34253185
176272
155776
155800
680080
475284
1613976
280978
278920
279204
17056160
426112
409744
410775
541201
422033
17221777
4784288
688416
4637200
17186960
17186944
3428741
3426708
278672
17187216
311700
838035
838017
18139777
34392721
803025
805008
1327248
805264
18107008
540800
540826
575650
1114504
542864
674208
1097888
540953
1868048
17320064
1114240
1073288
1196160
17975424
1327248
1867923
2400410
1590451
1867925
1982645
1345816
1476904
1492160
1331609
2248865
5665233
22430144
5670032
1335744
2115728
2244752
2900149
4210816
6439072
4212864
4343952
1048706
2097286
1967252
1050784
1048720
1048768
1048768
1048784
1051776
1060288
1052800
1060993
1061009
1327489
1847681
1725059
18362753
1070473
17840257
1054866
2101442
2236552
1053064
17830568
18354824
1579665
1588161
18356864
2527360
2248832
3575936
1085568
1086599
2363520
1057028
1058059
1188000
1712416
5907056
1188048
17965248
1057920
1581184
1712272
1181848
1181824
1310977
18088065
1319317
1311128
18088064
1704064
1706128
1319051
18227339
1310976
1311872
18089088
1837200
1572992
1573124
16908682
17440905
17959309
17080463
17074704
17582512
34884272
16933080
25313696
16785888
16789632
16810128
19562917
17599129
17601697
17760672
16818448
17342753
17359232
17359236
17625472
33997188
17482132
17484425
16961688
18669728
17875472
17695124
17697173
276
131430
8405270
263479
135465
2584
8772
24836
16777476
281
2329
268825
789017
33557033
535069
1082429
17310264
17834520
37469
16812376
21000
545549
34234893
541192
2328
16779528
18696
17451273
33573400
16781836
533072
557888
26962
16814656
164181
688449
155984
6481
6754
1057633
529156
17437205
1184289
536848
23109
1589777
1598273
1614593
1339904
2494737
2519553
4592145
2642177
3297792
4433
16912721
14932
16921154
561986
2634578
12881
14616
6694
17308438
4628
1052946
1053201
1078017
1583382
666130
1712401
1452324
533033
17312297
278816
401696
672321
664145
688961
549392
27154
157953
682241
1065232
34619920
561413
168449
39185
692481
694786
561425
586265
2658833
569893
1094161
37269
39211
37160
573992
39184
53848
702771
2789921
727606
692548
170513
437009
957201
170512
1495568
456977
979233
1233440
2937104
1872144
45648
1364480
41240
571649
575776
563733
588549
563972
186640
16816384
580112
708864
717077
1241345
839952
315664
324160
865024
17882114
580114
987392
586020
1110288
1110280
2544272
694794
178531
700769
692496
717328
719395
2789920
700928
455168
991760
186645
1794304
348432
2281744
2818336
2544144
1749272
1349904
3447312
1216784
17312515
535083
557573
17899806
1646890
3293481
545298
909842
2238998
2238786
2761042
164098
1583618
1090054
43288
1090075
672022
696838
16925213
278820
2638372
590356
1065237
794900
8580
16944
541212
543261
17322525
672293
574228
270868
2368276
533012
568069
18964
1059100
1346052
3418644
688548
28948
37444
194840
588311
1118500
588068
465590
2132523
1614356
3459622
2146872
2671140
860437
17189461
141870
16919070
2517276
676629
1581335
1606151
1728775
1583385
1593622
1188100
1190167
1475076
532786
540972
295708
8496
281178
19019
541512
12842
16798264
17322520
540952
57684
581952
565656
1200697
8397080
16649
533021
557837
2630429
680461
533004
148092
672360
1344088
820056
549449
566089
17318728
25160
664092
926252
939037
576043
582176
1878555
2116827
3156753
3423249
20458513
1212957
559384
172296
434440
1583645
1057052
1593644
1581324
1606156
1059160
1067372
1591640
2239257
2763529
35531545
3301896
18751752
2630260
1583461
541540
1585447
565520
18426385
663824
664081
305448
801315
2632227
8921365
10234531
8546595
8569420
8434215
14899
1339681
16793893
540961
543281
17449249
2105658
2130466
532788
557620
1860148
139568
147796
287280
149809
666176
794928
17312568
541728
1190449
541488
2638896
17318688
143904
17052193
17445664
14641
14649
20788
567842
17467682
534833
559649
559668
8401474
535076
4221216
1067332
1593905
34621745
9447712
160032
162081
692513
709153
2781745
160056
291120
270649
3809589
148080
1712689
1319216
1344080
18367056
2392400
1485376
148057
1188434
1196930
672360
533123
535190
1065604
10641
672160
664208
672421
533378
1069441
1069457
18371201
539411
535297
17314561
1057553
3154961
533268
558100
1614852
1188624
2515968
17965824
1844244
20032
10761
18697
534800
536849
815360
16640
540945
147728
181552
41256
565524
2654481
2679297
1202467
1599765
2392672
688665
1614080
1909008
1253904
1262400
18031104
1934336
4006928
278801
17580545
797204
401942
983812
794900
795440
17845266
3162912
436516
925968
794896
270872
401944
1598216
795328
812133
410148
1851921
303880
1057280
1589776
418081
821520
1339666
299521
299525
1339780
827668
852500
975124
983809
434704
443200
798977
1348098
1335569
1333521
803093
1327361
2662674
18106625
794905
827664
1319505
797184
799232
1327620
2892304
2917120
2919169
2498820
2523652
4596244
2646276
2511120
2513169
1852244
1452289
1845521
1870337
1992961
1845504
1854016
1485091
1458453
1450256
1450264
1581328
1982800
3053843
2130452
1057029
533777
543315
663904
665937
1188193
17965648
1061156
2111781
545396
1069664
539490
540952
803104
17580592
18104848
2900512
1065232
1090064
1092113
1188117
1212949
3285541
1220900
1212964
672229
684308
1755685
2122020
1237328
1450272
1450296
1458784
663877
794960
803172
668176
811536
1188644
1213476
683284
2402580
846112
1714472
17576489
1192505
1200416
678435
678496
2249248
672016
674065
1223186
1116449
17475857
975136
1351968
1901089
1483056
1335649
2400528
1450276
1475108
1351984
2763025
2769200
3318304
4104992
6955552
6955584
7086640
1329681
1327648
17314309
1061657
549120
684323
1214737
1106433
9470469
9462293
1190168
1466961
3556113
696856
17441289
1188373
1712720
1721216
934660
1728796
2277900
19177740
1524244
3432720
1712408
1843480
4071952
2130688
4203280
1589529
2105625
2236697
2107913
2632218
3158292
2238996
2392577
2638096
2662928
4735520
2785552
19562768
2498848
2760976
2892048
3416673
3441489
3564113
3428640
3039504
3285297
3433224
2632529
2779969
2777681
2116374
2126355
2370322
3179265
2630160
2638656
2671109
2122260
2123024
20613377
4221200
4221208
3297571
4333833
16928
25112
24832
395799
393728
393600
132352
414992
155904
156164
158213
16933120
786970
813570
291371
1313326
1444177
2894113
428324
952882
1313570
3179060
846370
3017267
3023152
2755122
2378023
787025
811841
789011
1319425
1311249
1319745
1336065
1892864
262400
268289
272649
264464
805137
829953
938384
940433
852240
395281
395537
1581333
1573136
524544
534786
526853
788997
524676
528656
34083360
1179937
1196561
17572369
786688
788784
19022080
18874624
515
1541
525845
8939415
939583
537
665
2817
133905
4609
680705
17965058
303138
131585
156225
275217
2108177
4194817
20975106
67109377
1329681
18106897
270865
33312
131616
16781840
17044400
443177
33735465
132624
16909840
786960
1572880
524816
17826320
4194320
4196896
4327984
21107248
21105184
4457281
11088
16898
1198597
16960
25344
549632
17936
16798208
543232
805392
541184
1206785
1993473
17981968
16794112
17844768
18121216
17581828
1583875
1049176
1585768
1051661
2376716
1049152
1051280
1049364
17826564
17827840
1055250
1069570
1085952
1606404
2761236
1056784
1059408
1204992
1058304
1736976
1991948
1327616
17957376
1835796
18613024
3156768
10273297
331053
173122
656386
656402
3104
9248
33824
164912
19488
142368
418864
1606804
1051680
16778256
16925723
16796832
17327136
2433
2308
18756
1288
42249
16786712
5376
136464
19712
17321234
154945
159057
679200
679200
9472
9480
804201
665009
11544
16788744
541976
140576
9536
30024
304768
280832
525568
525568
533908
525584
1058064
4195840
10245
305158
9241
9248
11296
9520
533952
566856
533760
25602
26628
549888
4219904
8430720
4222056
4224123
4228096
1060884
155649
155665
8946688
2051
4115
149507
17598468
280595
1476867
1198083
17443203
2069
3077
1247253
2057
133153
4121
16779273
16910611
2113
133201
43073
3089
6147
6161
538641
38913
10261
10249
18761
16789522
159761
146442
4360217
305182
10257
1058962
1059145
1321409
673809
296977
608257
133201
16912465
2230274
17705537
25307137
395281
264321
526337
796993
17567745
526469
526353
17305617
1058833
657425
659474
526481
532737
2099481
1181713
1050817
1706193
1058949
2238521
17967113
1706018
1183761
2099202
19548162
2361729
4196353
5247009
4204545
6031617
21104657
8390657
16779265
16910353
16791554
16795713
18368513
50333697
133161
428457
10585
2097
528449
1050721
3089
10257
34833
141329
141353
149841
264225
788497
657569
2099233
1706020
1837092
2152
133224
2080
3104
20973601
526384
534737
2128
16779349
4177
33558881
10344
16918633
17306450
4450
26960
790881
815697
2888289
1970529
1055329
34085728
1444128
30736
30761
10264
534736
542944
18740
16795940
543008
272400
536848
182297
17221648
270611
526352
534560
550928
788496
526352
528529
1181728
2099236
1056034
2099248
2101280
2230304
2230385
19400976
18876432
8392981
25348565
8653072
4371
289281
133377
135443
401939
657699
682515
17434898
272900
17041667
10536
10644
3332
2312
2320
1050896
2115873
2352
531008
526624
538961
526784
534992
657872
1854032
543488
3344
38552
16782608
11536
535840
4460064
11840
4357
16781568
6402
6416
533200
817440
530944
1080065
530968
1341968
39168
10512
10593
141585
18704
141584
284945
141648
1845824
1846084
2108228
11520
26880
551184
35072
822788
1116680
1640985
1263872
788736
796944
657680
17434901
659729
17438993
17565969
1181985
2361633
1076033
657680
1181968
1052944
2099472
2134680
18878736
2107664
2230544
2903316
2099720
2107968
33687817
18441
26625
542865
16795652
18450
935954
20485
17322245
542741
567557
19460
150548
2677012
1853444
18520
27016
542752
17319968
18496
18756
20805
1067588
34880
26880
674064
22528
16805904
309280
26688
19425616
35200
1599832
35840
1625088
38912
67584
86160
296976
305168
559104
51200
313632
149512
17057792
280592
542720
804864
542720
567552
17975312
1853440
1067016
1494057
1075280
1329168
18106368
2117651
2115600
18894864
2246672
2124096
4212736
8554498
4343824
16797697
34099201
1714439
1706263
1050892
1051652
17828868
3803413
2509068
1050833
5381137
1054720
2390272
1087488
17836037
1189889
1583365
1058948
1083540
1058880
1058896
1181828
1181712
1182720
2640132
1312896
1837056
1968144
1574928
11151617
11946240
27396096
16779428
16787588
16910596
16912645
160006
12693
16920981
20613
138277
816517
196893
4105
8202
8218
12321
290
33567058
544897
4421
6470
12870
1352002
536658
1327441
536657
536917
803153
545397
16789857
1585497
31042
37201
16806082
4361
12569
6401
8411395
8449
12545
22794
447041
17576194
934162
545282
553254
33558801
791317
17568273
152065
17453825
5137
2104643
791985
1086481
13633
1841698
1485579
16783370
137475
6161
157753
1612069
1333765
14657
16800070
547138
8193
2267649
694554
530433
1185810
14338
553089
12289
14358
12370
14437
548962
143442
145747
151818
536602
17461258
12305
1062945
143441
28737
45193
12546
12550
12549
1192213
799025
1348146
815409
31017
1620242
21769
16791553
16410
151569
3305505
4386833
299265
1980626
571701
538641
1062914
2764854
1191953
2011397
16789505
147713
36865
38929
135169
684162
137235
131205
135301
135185
274770
143681
145730
1192707
143633
661762
664081
136193
136217
267281
660497
669009
144705
410626
141339
1249313
266578
266521
4476929
17043457
393217
397441
399490
659457
661762
17567745
2234385
3563537
3561489
8786177
9306369
806917
1325333
18627077
266369
267265
267289
290817
1511466
528385
659478
528466
2625809
790529
921617
934169
954677
17698833
528385
528401
661778
928274
34216482
669714
17969425
1059223
1065623
1319318
790657
536865
536897
2234646
9048321
684033
1183761
1708049
1708049
1054721
3149841
2233621
8397057
9449729
16781313
16777217
16781331
16785553
16928769
33558545
4112
4214809
135265
6161
12305
143401
20817
274449
540961
4209057
530465
1447972
1445921
1982513
528401
25
12697
14746
274841
278933
33567141
6169
6192
4377
528681
4645
6429
553501
12844
2103593
151852
1052969
803130
1057048
5152
528416
536928
61665
16810133
4218896
157722
16799768
30736
530448
139298
434594
147491
557088
24592
155920
157731
1216537
157969
33710368
16932880
12325
12312
14609
807760
1372193
1980433
538641
17840401
561424
1060880
669989
17051685
405933
667797
1186100
661796
18092052
16912404
135200
16914464
135264
659728
139545
17043472
18264152
266384
33956144
528400
528481
667760
524689
813331
530449
532757
18489425
708753
17602966
675872
17487968
659488
536737
544920
547229
17357016
2906388
659488
659732
989456
1259793
8397077
16964166
184968
1909016
574021
209300
1003800
463128
6443285
4360
16781585
6432
18721
528728
537288
790792
20975881
4198968
528832
17306048
143953
667969
659793
684609
6408
6416
6497
817440
1063425
928513
17439233
531201
543490
7424
19713
16784640
8448
1077776
532752
668192
668192
33280
164625
41512
682272
8464
8708
12564
12552
12560
14920
143632
145681
14672
1716753
1323522
1069568
930320
17707520
13568
160000
17461760
1323264
1585424
137493
2513157
135505
135440
413952
659840
4075817
471465
758433
1167890
2363811
2511507
3560083
1843482
528982
1605925
266932
3691156
1863952
397584
399651
17174800
791072
1995056
2372480
268569
301333
530960
537152
553472
17461761
790784
791825
800017
1446160
17568000
2248993
2257505
1053265
1061136
8392960
8524048
10096912
28673
544769
20482
22802
17324546
33577490
21508
16929812
20504
24600
675881
159768
426264
34263577
33714472
806936
17584152
16797992
1202185
1071128
807168
1986832
35541520
22544
1073188
808976
16802080
557072
17465361
1884176
1609744
159877
16937093
17723409
16801801
17461265
16805904
51521
161872
700672
29696
16806928
196756
16826433
1106241
571776
1112144
358672
33650960
16873472
593936
1921024
17371136
331776
946192
2273280
553041
553088
17332352
1613840
1615889
36872
45056
571840
580352
53248
53264
153601
153617
17455361
151818
151568
2396192
413712
1208586
168256
192912
677889
17979649
806913
675985
18632705
282885
1396752
1937664
544768
806912
17586176
546832
544896
675984
4880785
686233
545056
569600
1095952
3166481
3191297
2642192
17324048
692224
1478912
21663745
1085440
1071112
1077256
1609985
2937089
2258976
1331216
1593360
1855637
1593472
2644128
2119699
2117648
2654240
2117904
2126144
4214784
1052804
1052680
1054752
17829904
1061184
1054800
1052736
1054736
2238738
1583641
2138626
1614096
18391296
3152152
1058834
17838080
1351680
1069081
1096197
18397957
1872384
1185793
1314840
2367488
1316884
2496517
1314832
2367504
1482880
1315076
1317125
1323525
1315840
1317120
1579024
1839104
1839253
1970185
1970192
2109441
1576976
2103569
2232336
2125824
2627585
68163600
16781312
16912649
17045552
19026192
34476048
17568004
17305728
34117824
8195
8257
10497
2105617
9241
12305
16791569
275490
40961
40977
50433
16850945
1974533
680201
794642
819458
2892050
942082
4481025
272386
17571841
557313
559362
17861122
4751897
2629905
1714178
35268882
1712145
18358465
1318930
1583366
2107394
2107409
2629970
2654786
18882561
33554689
33820929
139281
16916499
16918545
532497
2385938
17443109
17440805
1581365
17834276
9236
11305
663573
8224
8232
10296
534584
16785448
532577
2629985
534628
543136
12962
551267
1073505
1098321
147536
156114
189018
1237594
663968
553242
32784
4235424
2236448
3563536
794640
796704
532496
4875280
1189905
1225045
1728784
1728788
1714193
1976609
35268897
2236448
3287232
4202512
4358162
20981776
4464656
5251093
5646384
4661281
4597808
8921104
8450
10516
8468
16787732
8596
11540
21781
557588
8484
139664
8640
532928
1583558
4751872
543505
668113
14610
16656
549168
1073584
17318160
541056
41216
76048
2244866
1188113
688464
24576
17328642
26642
38931
16818186
24584
24600
286992
17064192
28681
28941
1742885
39169
561425
586241
37152
567430
32784
1083568
565280
868352
43032
49152
155648
159744
161793
16941057
680064
1466513
819344
5660816
286736
813378
813381
944384
548864
550931
17457153
1097985
548880
582674
548888
557504
549140
551207
1098533
17326368
573696
17998096
2023680
6070985
1597632
1081344
1466752
2003344
2910480
19425296
2248738
2122004
4218880
21258250
4350112
1064981
1189909
2369556
1056792
1056856
18358536
1327381
1060866
1191954
1194001
1194261
2519056
1064960
1450000
18358288
2891792
1581056
2244880
2261504
3564032
68167696
16812032
16822400
17409
147457
540929
540801
802817
24894
549162
278562
17580306
16793618
18497795
566038
567875
17467715
18770
1198371
2140674
3443202
43074
32786
286758
17588502
1458198
18759942
2514983
3039251
3055891
19955731
2506786
2637858
802834
2900258
821282
804887
1335571
2506758
2531590
549123
3440898
303369
305418
551201
17883149
1646857
1648906
17874952
1196040
1335340
24597
16982230
35848
671766
1900548
16400
278544
16408
1212424
16416
16448
24676
24664
155752
286816
2384224
147536
24777
16724
147796
19013
802896
426192
450944
548912
16512
18688
16795904
1085712
18440
305601
2115856
16816388
20561
546848
1071152
28688
1356032
569856
545024
823828
24576
24596
53572
24592
288832
49536
49408
35088
191504
16803840
635154
811024
1861825
565248
4349961
4612105
33587216
51201
1163281
57360
188448
65872
180241
704545
729361
731410
2801953
851985
82432
1102080
638992
19112192
360464
885008
909824
737296
2834720
573440
575749
835844
579841
844288
1364740
34132496
1630464
598272
600321
1632272
1359872
147456
149525
149505
155729
819201
672002
674051
278669
1065109
1589413
147852
155913
149529
278552
17057816
157961
164125
17066505
17064201
147472
155713
155973
422209
34259522
33710417
413761
16924736
680208
682257
1229329
156224
158273
17460033
680529
692241
188545
188626
9093256
25870472
832005
17852690
3186961
934276
671888
5128608
1589440
1073172
1196032
1458176
3819552
1851392
1589248
1721363
2375685
1609748
18497540
2113569
1753096
2015240
1720336
2113824
1614208
5931072
1597760
1862025
5785601
18368513
2115600
1599760
1625088
2781202
2424832
3194880
1720401
3047505
1720469
2245056
2375696
1851672
2770176
1909776
2392393
5914633
6176777
5784016
2115585
2662657
2121744
2244624
2248721
2392091
3031061
2785301
2265124
6586396
2261016
2523176
2900025
3293224
6457392
6594640
2244777
2375841
19038760
2279441
2246721
2280464
19023888
2777552
2375976
3426336
2506785
2768929
6717593
3031504
3555361
2768912
2769953
7110800
2773280
3948576
3956752
8536352
6963680
6445216
6453728
3166208
4210704
4219200
4212736
4218880
4349968
4645264
8404992
8405272
41959960
25190480
17711120
33595408
32789
16810277
33797
33878
558101
557061
32777
34849
50197
16810001
52237
41026
32849
565330
163921
49226
35073
41217
1091873
177681
837186
565505
696593
574017
164097
299523
34817
34838
561173
561155
559122
34833
1083425
38913
69652
200721
596113
40961
40983
42006
40970
40977
43025
41025
41221
192515
192774
565249
696465
590097
827393
196625
4915681
4539409
163841
165908
1736854
163866
168266
426266
8568842
8571151
172354
327875
170002
17205266
17467650
17467654
50497554
823330
17603075
1765378
188675
188682
589971
950546
165909
188425
163857
696337
696418
1221025
1223078
729241
426369
173377
702738
17611027
313345
16957449
182289
835585
17072129
17205265
450561
688129
689170
690434
17992194
1253894
1245718
723477
690453
1870086
18649350
696641
958722
1237505
17467393
827409
827409
1216785
17465345
557057
557138
696417
17465363
581889
1106194
2654481
1261569
4898825
819201
819202
819217
821265
823569
968706
17727489
1998865
557057
557189
17334405
1089553
557185
1081749
592325
594374
17369281
565541
573697
819590
821639
1229057
1229317
712705
712786
34267409
1212433
1220625
1343505
2129937
2666529
2157057
4227073
16809985
16812052
17346577
16826433
18399233
16961537
32785
32805
1083461
32917
50201
33809
1613841
163857
165905
827410
557073
34852
33812
1214741
18516501
49565
51614
34841
565533
34864
165936
821289
958761
164216
165913
33824
34848
65568
163872
32848
43285
40976
33597729
17344529
43284
573465
573480
49496
2144280
1220657
1098064
1362193
303376
16826384
327952
459040
589905
1116305
1892512
16834576
84000
229408
766240
163856
2261300
696356
696437
723254
745764
2818356
163988
1761556
688196
713028
315440
323653
446528
1216576
18669620
458897
166160
1493264
823600
180504
180764
17105312
426384
18121232
164880
708641
692273
694818
717328
692496
1499668
1386797
1376305
1523745
2293809
8587296
1998900
2662469
2654272
401681
459024
1212688
1220916
17998116
1745184
450576
450657
452625
17754385
17228080
460832
3080500
1474601
1761553
3834145
696593
1229088
1867794
2261033
2916384
1348112
1348372
819216
950304
819756
557072
559121
1106448
706576
1759264
17858576
585857
1743259
954758
16945286
295057
128
827538
71841
94368
748293
494096
363268
365317
17140224
49539
8446352
57488
582036
16869568
1818880
1802496
589952
770452
17416324
753985
885073
17531201
426129
17074565
17080965
17859204
17334660
17109701
33884608
34554385
18186640
827905
57601
34052
558356
36116
608536
41480
707077
1736980
3113252
41544
33040
33060
164112
164132
17334544
33088
57680
17596736
34064
35088
170560
37120
168193
4247808
4509973
575744
41216
41348
41232
108833
42240
623104
565504
188704
1360128
65808
16941317
688401
557312
837888
844032
557312
688532
561441
17334528
2670848
2672897
67141889
34837
35085
1083473
35081
43265
567873
43009
43025
567313
17475602
44033
567297
698385
1148945
301058
952337
821509
559121
1607698
710689
1620225
600065
1347859
16812033
16943121
18016329
17340434
16828481
21662145
33589250
34833
34841
829458
296993
297001
305489
1476641
559121
34920
16951313
18057761
17344528
559552
575488
1099968
4245504
1084420
1083456
1087488
1087490
1218578
1087504
1615888
1120256
1222680
1222736
1216513
1345536
1345664
2685184
1118481
49285
574484
186373
49160
53264
573456
1097760
573716
17481744
590145
581888
311568
336128
1663232
50192
181264
182273
17484033
55572
51476
63765
4274453
16828676
280960
313728
1771778
575760
584453
838148
53248
61456
970768
2158593
1626128
1650944
67584
17745952
17361304
1413120
57352
188440
16834560
196608
237572
81936
215041
16891904
1263617
18565377
34818321
1681665
2459648
190741
180356
180240
181248
17146049
311640
704512
706579
835600
739616
729344
1360129
17612801
311312
860672
2933264
1097744
1122576
17877762
575762
17352962
835665
966669
966672
3215488
847873
892944
1786116
2410513
2015248
573440
1114113
17358868
1105936
1108241
1625092
18006032
1097860
18532352
1105940
1228800
19578896
4374552
4374544
5425200
690460
690442
17992202
688409
950549
1368597
692550
295441
426257
167937
4366337
16941057
17072145
163989
1622293
1761557
163900
696380
696600
1491220
1245733
2048532
426260
426276
451092
1214508
17612825
835644
700717
688429
688412
713244
725273
819528
163909
294976
297043
303204
829777
8552752
16957525
704593
1098388
1213228
17086993
1214504
1871905
299296
299312
430368
1220880
741904
698386
1810713
1261872
876818
17776658
327713
1024528
2196016
460948
557350
1139220
434228
1507617
17737760
3203361
2654256
426280
958760
961065
1479192
696656
1867808
950624
2277968
18257939
1478688
2060560
1818656
696372
696360
958512
2548000
9601056
17989648
2263313
2795553
2793504
2818336
3588368
16941072
164116
690468
165124
164120
950544
17076481
168208
2790160
172308
696596
207365
207380
696576
827664
311552
17613312
430336
450816
581904
958992
19038469
2785553
2263648
33718544
180224
17484293
16959493
729347
180242
186386
710935
712984
1361949
1359916
180268
704532
729364
186629
1359892
180232
182601
16957768
1359900
1753100
1777932
3850524
21152268
704560
729392
731441
852016
16966200
713268
182576
704800
706867
835904
1253416
315457
319569
450641
835664
2933088
705154
729986
705044
729876
852500
846098
862769
182820
1247312
206912
200996
725264
446736
455232
725008
749824
188432
1261568
1261588
1794565
196640
327737
212992
221259
737362
215056
344080
17645584
16990356
17252496
737424
770064
909568
911617
493569
491536
1040896
1016080
442384
2015268
2040084
999444
3096868
17907984
1933328
1490961
3064080
3088896
1515841
1228820
1253652
3326244
712976
1490960
1990673
739332
18055184
1359901
1884184
1228808
2277392
2408466
2277656
2277664
2810136
2285844
2288133
2564608
2566657
2842885
4915477
2294800
4898832
25874944
1744920
1220624
1359896
18514565
34505093
17088644
34662534
17893828
33884356
18563605
34554133
1081346
18513938
1083654
1632775
1345922
1477010
1089872
1081408
1085440
3330064
1116160
1640704
1345552
1118208
1127680
1089536
1089668
2664453
3211525
2793492
1622096
1352064
1888656
3711504
1671184
17924096
1474709
1212432
17991696
1212496
17989920
1712385
18514176
1247248
1916928
1523728
1474576
2523152
3047680
1343616
1605632
68192272
17076738
16945417
17358976
1115141
1255514
1777674
1769742
1904923
2328601
1114177
1116417
1646849
1115153
1180689
1665830
1116729
1247793
17893665
4262418
18417921
1120257
1646594
1778225
18424097
4792850
18948353
2699265
1786130
1378321
18153473
1769473
1900561
18679825
2293777
35323905
1376385
3342353
17891329
1122336
1245216
1118224
1122452
3622928
18022416
1900560
1925392
1927459
2064929
2162720
1116436
1115396
17894660
1385741
1638672
18417936
1640704
2179380
2171152
1147136
1246464
1638656
1638672
2294032
3342608
10043908
34668800
68225541
1654785
2203905
1654800
2187536
131333
655621
131339
393491
1589289
262165
399878
397573
917765
132101
656405
787509
262154
133386
139550
663818
655642
680458
803082
133390
399886
147721
2769438
20071182
154274
1184009
1442057
131137
133201
655393
131137
131153
131225
131337
262425
21104898
139521
4350211
680198
319753
143650
336161
16916737
393489
524561
401921
132113
16912385
0
135169
137235
268307
684838
167937
168018
700418
823298
139397
139533
1335301
159753
16916489
139345
270417
140289
421889
163841
163857
164105
16943369
950529
868353
880805
688129
262161
17041425
17563905
395270
393345
17465363
655361
655377
657444
17596450
786577
663873
672001
680193
682242
682258
34236946
1181713
1453090
2228306
2228241
2236433
2236689
2490753
4325377
16908289
33832961
131221
655381
680213
17588502
802837
131097
262185
16910617
663849
139609
16908313
266577
133137
395553
399633
919825
920085
17434897
34236946
33687841
16912401
137233
163857
327714
262161
1441882
802850
401506
417809
419876
426321
661555
1835041
655395
133154
160034
1462562
786834
1204250
1179730
1181978
1180706
135189
1867813
131132
688420
2228532
2359604
663588
17442852
712996
1499684
2785588
655396
680228
164132
696868
313625
835881
17613336
657685
1204757
655652
658468
156692
137493
141604
705108
33712487
33710436
675880
700712
163884
713005
454708
157992
707353
696618
2646040
278556
409644
287068
1728532
1228820
1589284
2375716
19152932
786485
811301
1835284
665701
1845334
1205049
17432884
2228524
802836
1310740
1450040
1974308
16910376
131096
263454
393632
135224
717096
2789688
2816072
671896
2621994
682024
4456473
786472
1179692
1728796
17973285
1720353
131112
16908328
131136
8532273
262208
262240
270436
1323096
139584
139592
676176
17047872
657476
682308
8521792
282672
413760
270641
524480
532992
1061072
1065345
1179776
1179792
1573298
1443889
1441856
2253105
1704000
139601
133201
262233
270745
788585
1179730
16916580
819569
663648
135520
668000
155984
1048928
1179985
1598033
17826128
786528
811360
2883952
786528
1312849
18614609
1706081
1730897
1182372
526498
524465
1458336
139600
1577250
139536
287044
823636
1450273
655908
680740
148260
3809841
428065
657441
682257
977553
2754849
20056593
8521745
9070866
16910353
395313
657521
665632
1191984
2238517
2762785
17437459
135459
141605
133396
133440
2230576
158288
1460816
1518224
395664
1714217
2238485
16910352
143633
274729
405777
267281
269348
137513
16912424
270386
278583
143640
274728
414264
938532
684560
659728
1192229
675857
544800
1595456
1071152
675872
2250787
2250769
2248736
1847345
1872161
672038
139288
270376
37117992
688664
139385
4333600
4335649
1212452
2777121
2801937
4358160
4358184
663568
665617
1745429
811296
163856
295185
297252
844050
16941073
17477665
165921
688161
17467449
165920
700464
696352
704565
1892644
966960
17743904
1237536
3310128
172320
165925
702517
16943121
436640
166165
690469
16943120
835600
966688
17891600
1089584
1638705
3711297
819232
844064
2916656
307481
559377
311445
1359916
2408480
690464
1214742
1222935
1737001
1753169
1476640
1501456
3574048
1738787
2285841
1736736
2031648
1376544
1913136
2032160
2056976
1441828
524453
655541
407607
399410
925728
1976384
1462320
3170593
2621488
3408160
2769184
426145
1444064
393512
401724
925992
928297
1444121
401744
950865
401768
404020
401680
1728784
1179920
1188133
1712401
1327376
1984544
2009360
2508832
426021
1064976
1474904
1589284
2639940
950308
18254375
952375
2000964
3047732
1106449
950560
968760
450584
983080
712736
18017042
715042
2810144
917520
2629650
1968176
3039760
1443872
1614097
1064992
1057041
1581329
1573140
3670564
1968144
2500625
1445920
2027792
2105440
2228260
2253092
2777621
657681
788769
663825
794913
1181986
786457
659488
1212704
1188132
663825
786720
1323312
1327120
1310753
2384402
2885939
2885921
2883888
1622052
3719476
1843216
1212688
1712416
3827986
2265105
2230305
2230304
2779425
2236528
2359344
2367556
2367544
2891824
2359600
2623521
2621488
2623794
2646304
2883616
6422816
2490656
2515472
36309537
4327697
4325664
21103152
2245664
2770960
3844368
20752657
4343840
4474912
3565840
4456473
4981024
803220
805269
1974673
156032
565652
16912528
17436928
17437188
17439237
131330
133387
155908
131348
131460
918804
17433876
4588933
131336
133408
131352
131416
1182236
2509324
133424
145713
655648
131392
655808
1982928
664137
17435072
4858624
131656
1605952
135424
139528
139584
140544
401680
672000
164096
164112
172304
198928
451137
393488
394496
17171712
655632
1706241
2230529
19138817
2359568
2752784
147589
147465
409889
21118986
151553
278529
933889
147458
17055764
147474
155906
688130
1982466
148484
279572
672788
16925700
147464
679960
163864
278608
149520
151552
282640
28673
159765
684293
950789
20496
163872
165136
167936
950272
1081360
688128
180240
409616
1458208
2117632
17186816
671744
671745
17580033
1196049
1222914
819200
1204240
1196112
1196224
1204432
17975488
2246688
1204232
2793483
1335320
2285576
1458192
1720336
1728784
2244624
2375696
4341760
21118984
4472848
16926721
17713409
34228225
1179650
1310740
1442180
1181716
5398538
17956866
1443849
2491396
17956880
1179672
18624793
1179664
2230320
1188161
1181776
1179712
17956930
1179800
1310864
1188096
2515200
1181712
1312784
1190208
1183744
1185810
1187921
2379776
1187840
22159362
1327120
2408464
1204544
22159361
2916368
1312769
1441920
2228240
1581313
1966080
1966340
1968144
18743296
1703936
2230416
16908304
524422
788747
802900
1982483
393235
263173
271685
929814
393245
393785
1722965
262153
270369
264225
528649
794649
393506
262193
1441914
17563697
417857
262209
262210
1589574
17563974
262225
264449
807301
411905
794881
263185
264202
17172482
264209
660517
659793
17305626
538642
796945
272657
2361602
19269890
2885906
4476929
292865
288769
305153
788481
17565697
18745346
1837073
2361426
2910466
2377729
266244
266257
307202
301073
1995010
1344298
17572133
819461
18751494
1847301
270345
272394
1081369
4465037
17047561
270353
18235714
1327441
1978882
17703170
17572097
532482
294913
305473
659462
1179914
401689
418061
417857
1067266
524417
532482
794886
788629
1315105
1310994
1335810
794881
917777
920070
1704449
34472465
1597990
18497830
1049145
17826081
2490386
18481162
1712129
17694721
1310741
1351702
1441813
1318914
1974289
1572946
2359378
19267666
2891778
2359313
2629953
3555585
3555329
20332545
4456449
4464897
8724625
17039361
17047873
262151
280653
289165
395270
264213
315397
296965
299029
270341
272398
1599502
2122255
409621
794629
17571845
835670
393221
393241
17172505
17694985
393237
553061
393253
919573
17170437
795077
1441813
1581336
2367589
2498661
418069
270372
17178660
270616
794644
821529
1085976
1312940
266389
34345381
266404
34005781
411781
17191045
707077
1067401
297092
17090694
299536
430532
1218709
1743252
270632
795448
1581588
1348357
1196292
278596
280588
950292
311316
409736
418248
409620
418116
417796
467204
540808
802952
550925
802820
815109
5025797
1327492
1468444
1458180
1851396
4474884
399383
425989
426005
917641
4589573
21372933
397333
393384
401444
17213477
4587540
6947116
395544
393494
950532
2130196
5931540
413700
1466452
1441798
1445892
1476628
3852292
35529236
18751748
1310727
1312852
2017284
3049492
1314820
1507348
1441828
18350084
2361364
17563796
262161
294969
1314897
264209
266257
274450
966673
393365
671905
525589
1058085
524585
548881
557393
786449
4587546
4456505
811300
1312812
1312820
286748
17195037
295077
942125
17170472
917540
1050918
1573158
17825829
917556
3014964
786452
925974
811284
933908
1443861
1441828
18743572
270361
2883881
799016
1310764
1859868
3932460
262176
262184
272744
17039400
263200
266272
17054048
294944
4718625
786608
798816
917681
942497
33816864
34996512
284696
788516
813348
2885940
1325344
264240
1968201
297344
1878328
821581
18393409
962612
1186616
1481305
272837
17096792
2894168
3053712
1714512
526768
790592
268361
870985
17598768
1362008
3467601
930113
1214548
1845569
2754900
17829960
2108036
2361585
4462920
266256
397344
798997
1061141
276519
1183792
309524
276753
405777
794657
942097
944402
270360
272672
17574416
418064
17719824
1081617
1083666
532512
1058864
17836818
534818
3154464
20456208
679952
17457168
1583121
2908176
802868
1331488
1333537
805152
17702928
950306
17729570
975122
1736978
692274
1476772
1378336
1384500
401465
401456
17180720
17703200
393264
925793
395537
655648
1720592
421904
958496
1048617
1445904
3022865
2490400
2490660
2492727
2502949
2492704
19794448
4063528
528417
811280
786448
787479
1310768
1319248
1312800
1849392
1443872
2367520
2900032
2891936
3416496
19669024
2490400
2492449
2490416
19792160
4456464
4456545
4587552
4587633
8650768
8917264
9437456
9701393
27003153
25427984
17039493
263301
262297
4472969
21250185
17039497
786593
262337
17039617
263313
17040513
4477057
266369
268435
266385
266446
1317041
792737
331905
270914
295057
17074321
393361
543017
394369
426113
434321
565409
1441937
2359441
144
262321
393361
786705
262296
270496
295072
557600
393376
786592
263696
264368
266384
528944
919712
426280
17301648
264600
786848
275136
401808
270720
270736
17047936
442763
831888
336576
4621716
17203593
394624
917888
786816
2490768
280705
279684
476324
17055888
278672
414881
819328
476336
838048
475280
352704
409744
934016
934097
942421
2638472
963012
2506884
942224
938145
942345
17713280
1196160
1720920
1593488
1859776
1460376
1851520
4472960
4735125
8691848
4604048
4506020
21250176
393368
4587664
4587672
394640
397696
430464
401808
402816
402897
2492816
1458312
1441922
18350228
18219140
1441984
1441952
1312976
1319040
1843328
1835136
2490512
2361488
262402
272962
262404
271636
280148
265492
795924
262424
409891
789208
272936
1081640
4459801
21496089
264472
262496
524561
2359584
786720
262592
786880
1057568
270656
272705
1974609
794960
279417
803685
1106240
264529
272676
796944
2378144
264709
289284
265472
17042688
17043712
280832
2492688
19269904
399873
17701633
268816
401680
301328
850192
17603332
17078816
17078528
1841425
3176721
19955985
270592
270612
401700
17703444
4464912
1321248
270656
270672
401744
272720
1452353
1188368
271616
409872
2646272
319872
393472
401680
420352
1179920
786688
807172
786704
2359569
2384385
8692004
9183520
9707936
9699984
25952512
33816848
33818915
67373328
787473
934940
814112
822549
787604
263432
1316128
267520
402704
271616
17057024
296192
460048
661120
918784
17040384
17567168
17050896
17713172
17597461
264195
265221
273429
264257
268289
403481
1730585
272449
17049665
796673
296961
526465
788481
788497
1968337
2361361
19269649
2623873
17041409
50595857
264296
265248
296992
428080
823344
17074208
788512
2361392
264656
403496
264468
265476
264472
788928
17568192
268544
268560
1325573
17045760
272704
273664
461072
17238288
788736
919952
2492688
288833
313344
313360
1329284
21254144
1312832
1575424
1316864
1447954
1349632
1443840
18352128
17041408
267269
270337
921601
528513
397329
270352
17047568
268560
790912
282688
283664
810016
414736
1071125
292160
17060864
823424
938128
1464344
1314904
1314880
1317008
271365
270401
272641
271377
303105
1106049
401425
403457
794757
271377
401440
33824816
402708
270656
272720
401808
303376
434448
2369808
286722
17195028
549252
435216
17604608
417808
420880
942080
1859584
4481024
1318914
1318976
1318976
279553
311297
17088513
409601
409618
17711378
409624
280855
280837
547333
1067525
17580308
315977
1100356
17090884
279556
803860
278537
1331464
278561
802848
811056
17582112
5128241
17055872
280832
280576
280597
411649
411928
17191192
280592
17059856
292880
17594640
805380
952836
280840
17713673
18190592
17713409
1853720
296960
1083648
1331218
1878272
2377744
19163156
2910224
413714
282640
17076250
4493456
307232
815568
811296
1073440
5001361
4608176
286720
417793
811010
286784
4491521
819216
303104
434192
819344
1098112
1622677
1622685
479376
466945
409872
409616
1462464
4751360
5802016
17317888
933888
934160
1329152
1335304
1359872
1458176
1458196
1851520
2637969
18761872
1990800
6176905
6832272
3563792
2515296
19816800
2638096
4472832
17055744
294913
294933
950330
590229
1622277
294937
41217
303105
172298
303489
442385
425985
426001
17213761
427009
429073
4767745
688145
561153
577805
819217
821506
1474577
4497409
295953
427041
426001
426154
297237
1083925
17598997
33851941
17076501
557348
295480
17072436
307492
295956
298020
821289
2000922
1490965
950308
2002964
1869861
3967269
2017301
295076
294952
970824
21266473
299024
307536
303128
430096
4489232
426144
295188
17072388
426264
296208
299264
303360
303493
305432
303376
442640
1220880
428289
426256
950784
950808
2001409
19303169
819456
819472
1870128
559233
305184
305440
1501208
960784
821504
2525200
313600
320528
586769
319568
729088
2179089
328704
335872
1386528
442637
442384
966656
1241089
1536385
5451777
835584
1361936
1362368
1622032
1884160
434433
4622337
17203201
426009
434496
581963
453956
437520
958720
2015232
1474580
1474560
2801920
17072128
1378325
1376265
1531913
1378569
1380353
1525761
1515545
1507345
18286609
1638529
1900545
5571585
1377297
1378321
1642897
34930736
1908992
1507600
1511680
1640720
2031872
786435
18090499
34343443
788499
1327114
787461
1839369
786497
786513
917649
1327170
1343810
786697
794881
1321233
917761
1179926
787473
788497
1316898
789505
790529
815361
5638146
798978
925713
823297
823337
794645
794633
925714
34480418
803145
1376521
1585417
34349058
821265
952337
917505
1064972
917637
937993
917521
918529
17825793
1441793
1572881
1443857
3563778
3014673
1310737
18090001
1847329
1478673
1585170
1310981
1335553
18243842
18243857
2099718
2106118
2359813
2359313
2621441
2883601
19808257
1843333
17563649
1572922
17563673
787473
788497
1312913
18092433
18090129
790545
921633
788512
17565728
819232
821296
917536
790544
794772
819216
933920
18268208
919840
18221584
34474528
928080
925712
934168
1638564
5111833
5636137
787716
786752
794960
788784
790849
788752
2373889
2365713
2390529
3152128
794944
795904
1319168
827672
2394385
917760
2130176
1311108
803844
1083414
953500
812356
803076
805125
803856
807045
811024
5136417
17588224
851968
835584
868433
999440
933969
933904
17711120
937984
17711104
919585
919697
1442241
1450449
5915114
925953
925977
1442049
1444126
925705
925777
1056849
927825
950273
1442133
2228561
18219089
18219297
2494465
5111809
22151187
17694721
918545
921617
932129
1441824
1572901
1450192
1458400
3301392
1441808
2492464
1441940
1573028
5111824
926996
1442052
2621716
917784
1450264
917808
918800
927296
926016
1458512
950528
950544
950552
3014928
934928
937984
942144
960712
2519296
3672069
3670036
1968272
2490368
1837076
1990660
2367512
1851656
3162376
18612232
1843584
18612288
1841170
1871872
1843200
2367488
2416949
3203096
2015232
18743304
3014672
17565712
17828224
18352644
2924810
2359322
1835542
1860374
3932966
21234710
4989718
1317138
1454355
1445986
1864194
3936786
1839362
1990939
2015755
1704216
3219490
1573146
18481675
1835546
18350346
2105367
2236436
2631940
3154196
4727059
4194578
4219394
2361618
1837074
19138578
18614274
2490375
2515207
2490372
2498565
3023125
3825938
5898530
4063250
22282243
1310768
1835032
2885688
1859864
3932456
1982488
2506760
2893848
2363402
1310852
1311748
1313812
1859844
1318944
18098208
1310736
1441872
1443939
1450085
1450384
1311060
18096728
1843796
9699648
1851477
1441937
1441857
2097296
4194720
1313293
1311260
1835264
19139331
1837331
2097429
1835280
1982720
3819568
1313792
18091008
1323024
18092032
1869969
2525312
3852416
1845249
18745344
1314816
35004689
18227201
1450000
1843456
1343488
1605632
1331200
4247552
1318912
1843331
1843347
2506754
17833993
1321225
18227208
5662768
1328144
1845696
18104320
1712400
2105360
1589648
2253840
1851393
1474576
1474578
1477173
3852336
2535569
1790240
2015528
2548024
1622288
18924048
4098337
1486865
2135073
3188754
1736760
1761556
2810384
4112912
3834144
3858960
3981584
1507344
1910785
1378320
1914912
18823201
18155520
2048000
4145424
1654800
2204160
2031632
2056464
18255893
1478688
1573077
1441808
18221072
1441824
1441845
1589291
1441872
1466448
18350160
1444165
18221056
3043328
1454097
1998849
2787328
1868048
1876544
1574929
2361617
1712168
3981840
2113617
2646024
3551525
20316176
5638401
5636368
5783808
19434262
2132262
2129940
1613848
1744936
1876000
1900816
1630724
2933252
2105601
2113573
4587665
8671233
4493313
4464641
4489217
4591617
4980881
21233665
4587537
4980753
5111841
5292177
4194344
4489248
4497760
4980768
5636273
4460560
6684704
4981024
4460800
4595984
4466968
4598040
4464912
4464960
4489488
4589824
4718848
4981124
5128591
38414617
6555920
4485136
4521984
4603912
17043719
17045523
18354179
17061890
17062150
17328386
50616594
17703188
34480144
18125205
51155345
34377857
17101188
33878144
18407680
17620992
18112657
17572125
17199128
33853440
35180544
17621248
17621252
18096393
25960449
18096528
51388832
18096532
17336960
17178960
18251776
17829904
18354453
51908897
524291
526355
1069207
1050643
557059
1048837
17828101
2236677
527381
17302533
1048581
2099237
1048841
1050890
1057290
1048658
524353
526593
674049
1057025
525329
21496851
2769953
526353
1058833
1058857
527361
3149074
528385
17305601
528401
692241
532481
1065041
672097
534867
534609
533505
664593
671761
540933
34613522
2658306
2240513
557057
557073
688145
18251793
4902929
655361
1179729
655681
659462
926081
17563649
1179649
1187842
17958913
787457
1310737
18087937
1605633
2392321
2105345
2097153
2760721
21626889
8912897
9462018
8913153
524305
524437
655525
1605653
525329
528401
1097745
655377
1706033
786465
860177
534937
17836697
541337
1647012
17457309
1354196
17344724
17301536
1851672
1577240
528416
663665
794656
1179696
661601
690401
583856
837684
2885936
2910752
8914976
528400
659488
536912
692256
1228849
1230898
1216561
2396209
563232
577552
710673
17616913
1085456
1634577
532496
17317909
1064977
532504
17317932
663592
557080
1056800
803088
679952
794656
796960
819472
1056784
3678497
1056912
2908176
1712160
557336
659472
669969
1192225
17480016
786469
1851414
794897
1706273
788770
786996
17563952
18235664
933904
1720592
17563664
917536
18088209
1310736
1847329
1982481
18088240
18116880
1179808
9437200
9470994
9439520
10487825
10616864
532609
533633
1584289
1048705
1048837
4718721
524432
1179809
1182102
524448
1048752
655760
917904
528528
1053077
528544
3152048
532624
567761
561621
17336528
676000
1198501
17449104
2261413
1474961
17465489
655520
2244771
1310929
17432738
803024
663968
671936
1196192
1761440
5374496
661649
1775780
17727901
1335472
1865893
1986705
3276945
786592
1048976
17301648
525700
1050004
805532
524720
524864
532864
532928
533888
664976
542400
655752
1442176
18219392
1188256
1712672
1704720
17957248
786816
1313168
680064
1737024
1868122
1868145
802960
1589376
1589568
2113856
3164512
2640208
1859721
2121865
917761
655513
786604
1179793
1188001
655520
917776
936216
655764
1180064
17957280
659840
790928
2752912
1196161
17975681
671874
680080
680128
1722512
1720640
3309888
3326272
4866176
1966336
2490496
1573000
1573056
1577090
2102407
1609856
1712280
1747101
3039384
2650264
18219145
1835136
5374081
17301632
17449352
655618
525572
1049876
527636
526601
524568
17301768
524560
655632
1605904
655696
1049024
1057232
526608
528640
1050880
659730
528656
17307920
1055011
528904
17830664
532736
663832
532816
534864
664848
535824
17318144
1057024
17309952
557312
721168
1098000
655641
655632
655640
938272
2097424
1057285
1050896
540672
540681
1327105
557067
1351947
17317897
542752
540688
551185
540768
1196256
542976
1067280
549904
675875
682021
1206289
1198113
1222929
544768
1085441
544770
5033984
548864
550913
548880
811072
1597520
549124
1073600
557137
1081472
1081621
2523394
1900689
573440
573700
884945
608272
854272
671876
1208336
679936
696329
720920
1335312
1337617
803080
958720
950272
1474832
3571712
2375696
16924672
1064960
1067009
1731075
1997571
1720336
1589380
5808268
1597892
1589440
1720320
1986816
2507008
2265105
2113536
4734976
4866057
4737040
4866064
4743168
5024800
5038464
5017601
8929540
17317888
655381
656389
1179653
1181720
1327109
655385
791578
929818
1204745
1206794
655685
787797
663898
17432665
655685
657665
788753
663809
672321
1179905
1327361
659457
692225
694289
663573
1779969
19081729
1474822
933917
1468462
1734958
1057047
1056817
2105713
1077281
1626402
2236465
1458449
1859841
1450241
1475073
3547665
18374913
1452050
1476866
1599490
2508821
1479169
1454337
3051778
2502673
17874966
1622034
1089809
1492994
1630209
2179330
1237009
1786369
688129
917633
1708034
2754577
2887713
3145761
4851713
4982801
17432577
2113701
17563813
655385
942097
944164
2097185
1179665
1442081
1716257
17956881
657442
655392
656400
661538
1994792
806928
663700
663576
1474577
1443872
657665
665937
1845570
657667
655634
1714435
19136771
2228498
656644
658708
17433860
657712
786832
659712
17451328
659712
17965568
1189136
672000
688384
690448
704776
852240
1741184
2273665
2753025
2755073
17453072
700434
720896
17481856
704772
706821
1196032
1722386
1858595
2672802
2005026
1720512
1728532
1753104
2375696
2244608
2236417
1703956
1704964
1704024
1970432
18483200
1740800
2265104
1714200
1713152
2490368
2490400
24133760
2228352
3279008
17432576
17441088
19021824
1572866
1572867
1572882
3295510
2754563
1573892
18087961
2097184
1572928
2122240
1607936
1579026
18358272
2772992
3151872
1581057
1581072
1591312
1704202
1712402
2244610
2762790
3287058
1703968
18482192
1726720
1712128
1843216
1720640
1745152
3301376
3956752
1746192
2359312
2230288
2239524
2099297
2244608
2246913
4718632
5245104
6817824
5775776
22028304
4718868
4718912
5245632
4727040
4730128
4851968
5505280
5243268
4734976
17334288
22315296
17375360
17336581
18120960
17516998
34291905
17451270
51003665
34226177
17965057
16908304
4014594
0
17827904
1181716
1853712
2103569
3156225
1992965
3041289
4346129
1187859
1216784
1319068
1581084
1058835
1615916
2656284
1581165
2396417
1323162
2642241
5382162
5644306
1189926
1085782
3158325
17850373
2543908
1720597
1714584
1058836
1751095
1532484
1220632
1632781
2670856
3875109
2646148
3301396
1187864
3285437
2629786
1319149
1714205
3432492
2760732
3336280
1204320
1212464
2502969
1204312
2891890
2392160
6054104
1196193
1190184
1198376
1198424
1200424
1720489
1744921
3451520
1454120
1450288
1982497
1984564
1991009
2498601
19800096
1713193
1844265
6037545
5513257
5531680
6037800
1452331
1065856
1073160
2646050
2105368
2631705
18884616
1712273
1851681
18096145
1583140
2629685
17889320
18425888
4286741
1583509
3162144
10002492
1067617
1188129
2632129
1194530
1603764
1075240
1474640
2254979
3309617
17844545
17852488
2515269
2762865
17899649
18360593
1204409
1212676
1208608
17834272
1716498
1216824
1596258
3695424
1081600
2171152
9707792
1343744
1581312
1581328
1581336
18358528
3549457
3547424
20849168
2892288
1618960
1066248
5284864
6303777
1321105
1583120
1060112
17839376
1587736
1845528
1075209
1076228
2770946
18497573
3293216
5136658
2154784
1075781
10150024
1090565
1617941
1226794
1886226
2140224
2320385
1753172
1747247
2270004
3604768
1264156
1788209
2173497
2984227
2990672
3287057
1189905
1476644
1730912
2249296
1974288
19015680
5644308
18102304
2369568
2369576
18622912
1324312
1337623
3195220
7749968
1591331
18358536
1581328
1583360
18364688
1720896
1599496
2648215
3285120
3418113
3156240
22030616
5263936
5259528
5513488
6308416
22179848
1081344
1229442
1110340
1605657
1761312
1212505
3180690
1099912
2017424
1115168
1607968
1105920
1245200
1737152
1483328
1359873
1769472
1867792
1343768
2261249
2523137
2002961
2523216
2146329
5824512
5406729
2240769
1187843
1179728
1712208
1712401
1188112
0
1310801
1310736
1310744
2361392
1837088
1441808
1441936
2361345
19140609
2621456
2523136
1845520
2239234
18876928
35129872
2379776
573697
2228240
18882570
2629638
2621462
2646278
2629914
2654730
2105625
4198405
2121804
2760770
3145809
19925073
2105601
543009
2623505
2631938
2099465
2623770
19401225
18878481
3295233
3149844
3147793
4196369
2105345
2107402
2373898
3285066
2109698
2367873
19407105
3481985
2629714
35832081
3325953
2230548
2760962
2777602
2507029
19530001
3555585
19005441
2359313
2883585
2621441
3672065
2099217
2228256
2623603
2761058
3170657
2633904
2099620
2099472
2105616
19417364
4720672
2252824
2238515
2760753
2238513
2113653
3156096
2392336
2125840
3452944
2629648
3156257
3181073
3303697
2762769
2763044
3942677
3809312
3153952
1318928
2236442
2228242
2230291
2756883
2752796
3407912
2228320
19005744
2754851
2240784
3418134
2238481
3016993
20318737
2490400
2515216
3801104
3407923
11141152
2754837
19534101
3014948
4325408
19005456
2623520
2883600
2883936
2621456
2760737
19669281
2637840
10485776
11034897
12337425
2097409
2099475
2099457
2760963
2752787
2777603
2228485
2228566
3555845
20335109
2097428
19407620
3424772
3957268
2626052
36180756
2769156
4096516
19546372
2113816
2171304
2097424
6291728
6431304
6873616
2099776
2632257
3154272
3572032
3293504
2099472
2101505
2101585
2232657
2109953
3437057
2630173
4727580
2105616
2236753
19013913
2629969
2115841
2640145
2664961
2124068
2648336
2640144
2124288
2910976
0
2230529
2236992
2239041
2230800
20582657
3801360
5128448
3811600
3539200
2359553
2359633
2490645
3956996
19663874
2361874
2384384
19292673
2884096
3433217
3031552
2883841
3410177
36964881
2623745
19925505
36178449
2634241
21496325
4194824
20072456
2115589
2902277
36219398
18894853
2662661
4735253
2114569
3162192
2113812
2113800
2642193
19943937
2140165
2667009
18898963
2639872
2639953
3166226
3168272
4503808
20604929
3827744
2642176
11157520
2637840
2768912
3293332
6307840
6309904
18890833
3278913
20580673
3289123
4851728
4196385
4194329
4325425
4194369
4194385
4218945
4196609
4980993
5521670
4718849
4849937
5374225
6291729
4195345
4203537
4197377
25168898
4198401
4722705
8409089
5777409
38275073
4202505
4333593
4202513
4726785
4751361
4325377
4325385
4472859
5652641
4456498
4325530
4328721
4474889
4329473
4853889
4333569
4342081
4358145
4988930
21766146
4604161
4620673
4854033
21102593
4456449
4456577
4465089
4489217
4980753
4718725
4849681
5015573
4853810
5529649
4985874
4880417
5046321
5111977
5898705
25821202
21626897
5242881
6291473
6422545
12582913
20971521
25296906
4194320
4195345
4203553
4727841
4720785
21498001
4202513
4251665
21159953
4325393
21104913
21102609
4849825
6291489
4194322
4194328
4202848
4194408
17047601
4194344
4195360
20972585
4203576
20974624
4227104
4194768
4719056
21496272
4325656
4216868
4196376
4327489
4198416
4206946
8426512
4755480
264336
4325408
4980752
5120032
9306137
4718608
4195461
4196497
4325537
4718721
6946977
4718737
4196512
4202640
6430896
4325536
6176931
4587681
21102754
6553776
4849952
4194820
6423076
4194752
4196752
4198784
4463237
4227456
4327808
8530568
4457856
4588944
21235088
21235072
4620688
4983184
4718992
4727184
9175569
71303552
4210816
6439072
4212880
4477089
4495520
20992128
4214912
4259968
4472976
20971648
4195588
4195612
4326676
4194584
4202776
4620593
8405256
4718984
4196632
4194608
4194624
4196752
4196616
4198656
4207168
8409344
8573200
4720896
20973824
4202752
4202772
4202760
4206889
4211208
8413448
4604204
20979976
4202768
4202816
4203776
4342032
4858128
4227344
4325648
4477192
4456720
4456832
4489472
4718848
4718980
5374377
4718976
9044361
9046410
4850064
4737544
4727424
6308224
5513609
5251344
22020352
37880073
4212756
4210704
5261360
4212768
4222977
4757777
21002241
4349976
5400632
4227072
4227080
4235288
4229120
4237328
4239376
4341768
4350280
4342784
4376578
4473872
4361225
4355073
4654208
4343816
4345856
4473112
21250048
4603920
4637056
5128192
4866176
5392528
9062928
21643392
5261320
5267464
4358145
4522001
4849793
4849809
4849825
4326420
4326501
4333716
5111824
5113888
5122384
4849836
4327824
4333888
4336912
5112064
4849936
4981008
4850064
4858432
4350016
21102592
8462739
8536080
16908289
17301637
32897
16786433
9249
16908297
17696013
16916481
20979713
16908305
33687569
16916497
17563665
16781328
20992016
16805905
17039376
34471977
17301520
16779544
16793665
18514112
18497728
18497600
16796672
17842176
17850432
18767952
17973248
18235392
18237488
18366592
19417248
34611200
17891600
50339841
33556497
34097169
34883601
33685523
34087312
33701904
34340880
67109249
33562884
291328
33587456
33751312
33579024
33587200
34392384
50382912
33591296
2099200
